-0.100000	0.994336	0.017537
-0.090000	0.994693	0.017543
-0.080000	0.994184	0.017534
-0.070000	0.993533	0.017523
-0.060000	0.993312	0.017519
-0.050000	0.994280	0.017536
-0.040000	0.993760	0.017527
-0.030000	0.992684	0.017508
-0.020000	0.991499	0.017487
-0.010000	0.991651	0.017489
0.000000	0.992914	0.017512
0.010000	0.991921	0.017494
0.020000	0.992195	0.017499
0.030000	0.991418	0.017485
0.040000	0.990735	0.017473
0.050000	0.991333	0.017484
0.060000	0.989777	0.017456
0.070000	0.990186	0.017464
0.080000	0.988214	0.017429
0.090000	0.988102	0.017427
0.100000	0.987096	0.017409
0.110000	0.986295	0.017395
0.120000	0.985390	0.017379
0.130000	0.984062	0.017356
0.140000	0.985368	0.017379
0.150000	0.985547	0.017382
0.160000	0.985884	0.017388
0.170000	0.984243	0.017359
0.180000	0.982714	0.017332
0.190000	0.982943	0.017336
0.200000	0.982872	0.017335
0.210000	0.982411	0.017326
0.220000	0.981055	0.017303
0.230000	0.981871	0.017317
0.240000	0.981877	0.017317
0.250000	0.981280	0.017307
0.260000	0.979981	0.017284
0.270000	0.980252	0.017288
0.280000	0.979758	0.017280
0.290000	0.979496	0.017275
0.300000	0.979063	0.017267
0.310000	0.979687	0.017278
0.320000	0.980095	0.017286
0.330000	0.979352	0.017273
0.340000	0.978560	0.017259
0.350000	0.981431	0.017309
0.360000	0.981868	0.017317
0.370000	0.979928	0.017283
0.380000	0.979278	0.017271
0.390000	0.979143	0.017269
0.400000	0.978145	0.017251
0.410000	0.977910	0.017247
0.420000	0.978181	0.017252
0.430000	0.977363	0.017237
0.440000	0.977696	0.017243
0.450000	0.977676	0.017243
0.460000	0.977068	0.017232
0.470000	0.975563	0.017206
0.480000	0.975195	0.017199
0.490000	0.975498	0.017205
0.500000	0.975891	0.017211
0.510000	0.976693	0.017226
0.520000	0.975947	0.017212
0.530000	0.976979	0.017231
0.540000	0.977108	0.017233
0.550000	0.975764	0.017209
0.560000	0.976249	0.017218
0.570000	0.975142	0.017198
0.580000	0.975108	0.017198
0.590000	0.974470	0.017186
0.600000	0.974166	0.017181
0.610000	0.974569	0.017188
0.620000	0.974489	0.017187
0.630000	0.975079	0.017197
0.640000	0.974857	0.017193
0.650000	0.974870	0.017193
0.660000	0.976206	0.017217
0.670000	0.975187	0.017199
0.680000	0.976172	0.017216
0.690000	0.974667	0.017190
0.700000	0.975129	0.017198
0.710000	0.974209	0.017182
0.720000	0.975216	0.017200
0.730000	0.973189	0.017164
0.740000	0.972167	0.017146
0.750000	0.973695	0.017173
0.760000	0.973024	0.017161
0.770000	0.972236	0.017147
0.780000	0.972518	0.017152
0.790000	0.972753	0.017156
0.800000	0.972398	0.017150
0.810000	0.973631	0.017172
0.820000	0.972984	0.017160
0.830000	0.972711	0.017155
0.840000	0.972726	0.017156
0.850000	0.972519	0.017152
0.860000	0.970966	0.017125
0.870000	0.972772	0.017156
0.880000	0.973452	0.017168
0.890000	0.972388	0.017150
0.900000	0.971264	0.017130
0.910000	0.972449	0.017151
0.920000	0.972287	0.017148
0.930000	0.972628	0.017154
0.940000	0.972039	0.017144
0.950000	0.970733	0.017121
0.960000	0.971295	0.017130
0.970000	0.971445	0.017133
0.980000	0.970679	0.017120
0.990000	0.970857	0.017123
1.000000	0.969685	0.017102
1.010000	0.970350	0.017114
1.020000	0.970878	0.017123
1.030000	0.970400	0.017115
1.040000	0.970068	0.017109
1.050000	0.970093	0.017109
1.060000	0.969749	0.017103
1.070000	0.968537	0.017082
1.080000	0.968231	0.017076
1.090000	0.969252	0.017094
1.100000	0.967699	0.017067
1.110000	0.968891	0.017088
1.120000	0.967167	0.017058
1.130000	0.968937	0.017089
1.140000	0.967740	0.017068
1.150000	0.968356	0.017079
1.160000	0.967456	0.017063
1.170000	0.967895	0.017070
1.180000	0.967631	0.017066
1.190000	0.968121	0.017074
1.200000	0.965490	0.017028
1.210000	0.966331	0.017043
1.220000	0.966084	0.017039
1.230000	0.964653	0.017013
1.240000	0.963782	0.016998
1.250000	0.964793	0.017016
1.260000	0.964536	0.017011
1.270000	0.964550	0.017011
1.280000	0.963807	0.016998
1.290000	0.964035	0.017002
1.300000	0.963714	0.016997
1.310000	0.963044	0.016985
1.320000	0.962327	0.016972
1.330000	0.961914	0.016965
1.340000	0.959877	0.016929
1.350000	0.960136	0.016934
1.360000	0.959279	0.016919
1.370000	0.957727	0.016891
1.380000	0.958240	0.016900
1.390000	0.958003	0.016896
1.400000	0.957185	0.016882
1.410000	0.958482	0.016904
1.420000	0.957401	0.016885
1.430000	0.957355	0.016885
1.440000	0.957009	0.016878
1.450000	0.958078	0.016897
1.460000	0.959491	0.016922
1.470000	0.957950	0.016895
1.480000	0.956850	0.016876
1.490000	0.957188	0.016882
1.500000	0.956340	0.016867
1.510000	0.956779	0.016874
1.520000	0.955233	0.016847
1.530000	0.955500	0.016852
1.540000	0.954809	0.016840
1.550000	0.955697	0.016855
1.560000	0.957465	0.016887
1.570000	0.956475	0.016869
1.580000	0.955976	0.016860
1.590000	0.956004	0.016861
1.600000	0.954811	0.016840
1.610000	0.955655	0.016855
1.620000	0.954701	0.016838
1.630000	0.953768	0.016821
1.640000	0.954337	0.016831
1.650000	0.953585	0.016818
1.660000	0.953820	0.016822
1.670000	0.954842	0.016840
1.680000	0.953828	0.016822
1.690000	0.953508	0.016817
1.700000	0.953883	0.016823
1.710000	0.954331	0.016831
1.720000	0.954434	0.016833
1.730000	0.954899	0.016841
1.740000	0.953605	0.016818
1.750000	0.952413	0.016797
1.760000	0.953565	0.016818
1.770000	0.952717	0.016803
1.780000	0.952473	0.016798
1.790000	0.952802	0.016804
1.800000	0.952782	0.016804
1.810000	0.951685	0.016785
1.820000	0.951504	0.016781
1.830000	0.951899	0.016788
1.840000	0.951373	0.016779
1.850000	0.950722	0.016768
1.860000	0.950891	0.016771
1.870000	0.950146	0.016757
1.880000	0.951400	0.016780
1.890000	0.950384	0.016762
1.900000	0.950625	0.016766
1.910000	0.948622	0.016731
1.920000	0.948152	0.016722
1.930000	0.947250	0.016706
1.940000	0.947317	0.016708
1.950000	0.947219	0.016706
1.960000	0.946379	0.016691
1.970000	0.946159	0.016687
1.980000	0.946767	0.016698
1.990000	0.946257	0.016689
2.000000	0.946498	0.016693
2.010000	0.945100	0.016668
2.020000	0.943406	0.016639
2.030000	0.943396	0.016638
2.040000	0.943960	0.016648
2.050000	0.943645	0.016643
2.060000	0.942369	0.016620
2.070000	0.942368	0.016620
2.080000	0.942452	0.016622
2.090000	0.942631	0.016625
2.100000	0.939914	0.016577
2.110000	0.940810	0.016593
2.120000	0.940856	0.016594
2.130000	0.940254	0.016583
2.140000	0.937763	0.016539
2.150000	0.938249	0.016548
2.160000	0.938702	0.016556
2.170000	0.937974	0.016543
2.180000	0.938219	0.016547
2.190000	0.936143	0.016510
2.200000	0.936787	0.016522
2.210000	0.937464	0.016534
2.220000	0.938324	0.016549
2.230000	0.936821	0.016522
2.240000	0.936917	0.016524
2.250000	0.936841	0.016523
2.260000	0.937641	0.016537
2.270000	0.937727	0.016538
2.280000	0.936850	0.016523
2.290000	0.937441	0.016533
2.300000	0.935776	0.016504
2.310000	0.936129	0.016510
2.320000	0.935972	0.016507
2.330000	0.936835	0.016523
2.340000	0.937784	0.016539
2.350000	0.937692	0.016538
2.360000	0.937306	0.016531
2.370000	0.935838	0.016505
2.380000	0.935809	0.016505
2.390000	0.937188	0.016529
2.400000	0.936097	0.016510
2.410000	0.935759	0.016504
2.420000	0.935991	0.016508
2.430000	0.935416	0.016498
2.440000	0.936010	0.016508
2.450000	0.934937	0.016489
2.460000	0.934087	0.016474
2.470000	0.934821	0.016487
2.480000	0.933249	0.016459
2.490000	0.934663	0.016484
2.500000	0.934708	0.016485
2.510000	0.934387	0.016479
2.520000	0.933915	0.016471
2.530000	0.933624	0.016466
2.540000	0.933262	0.016460
2.550000	0.932776	0.016451
2.560000	0.933449	0.016463
2.570000	0.931415	0.016427
2.580000	0.932543	0.016447
2.590000	0.931991	0.016437
2.600000	0.931576	0.016430
2.610000	0.929703	0.016397
2.620000	0.931759	0.016433
2.630000	0.932211	0.016441
2.640000	0.931392	0.016427
2.650000	0.930915	0.016418
2.660000	0.931385	0.016427
2.670000	0.930432	0.016410
2.680000	0.929909	0.016401
2.690000	0.929513	0.016394
2.700000	0.927462	0.016357
2.710000	0.927086	0.016351
2.720000	0.927966	0.016366
2.730000	0.927876	0.016365
2.740000	0.926984	0.016349
2.750000	0.925029	0.016314
2.760000	0.926287	0.016337
2.770000	0.924700	0.016309
2.780000	0.924192	0.016300
2.790000	0.922963	0.016278
2.800000	0.922194	0.016264
2.810000	0.918770	0.016204
2.820000	0.921731	0.016256
2.830000	0.918553	0.016200
2.840000	0.919507	0.016217
2.850000	0.917647	0.016184
2.860000	0.917184	0.016176
2.870000	0.916406	0.016162
2.880000	0.915490	0.016146
2.890000	0.915467	0.016146
2.900000	0.914258	0.016124
2.910000	0.914111	0.016122
2.920000	0.912843	0.016100
2.930000	0.911687	0.016079
2.940000	0.911700	0.016079
2.950000	0.911618	0.016078
2.960000	0.910202	0.016053
2.970000	0.907374	0.016003
2.980000	0.908177	0.016017
2.990000	0.907239	0.016001
3.000000	0.904489	0.015952
3.010000	0.904752	0.015957
3.020000	0.904295	0.015949
3.030000	0.902559	0.015918
3.040000	0.903036	0.015927
3.050000	0.899618	0.015866
3.060000	0.900047	0.015874
3.070000	0.897053	0.015821
3.080000	0.896182	0.015806
3.090000	0.893951	0.015766
3.100000	0.893469	0.015758
3.110000	0.894013	0.015767
3.120000	0.891695	0.015727
3.130000	0.890182	0.015700
3.140000	0.886859	0.015641
3.150000	0.886150	0.015629
3.160000	0.883934	0.015590
3.170000	0.882248	0.015560
3.180000	0.881833	0.015553
3.190000	0.878650	0.015496
3.200000	0.875188	0.015435
3.210000	0.874193	0.015418
3.220000	0.871415	0.015369
3.230000	0.868827	0.015323
3.240000	0.866739	0.015286
3.250000	0.863164	0.015223
3.260000	0.859979	0.015167
3.270000	0.858028	0.015133
3.280000	0.856086	0.015099
3.290000	0.852273	0.015031
3.300000	0.849396	0.014981
3.310000	0.846402	0.014928
3.320000	0.843389	0.014875
3.330000	0.840619	0.014826
3.340000	0.836828	0.014759
3.350000	0.834815	0.014723
3.360000	0.829527	0.014630
3.370000	0.825329	0.014556
3.380000	0.819174	0.014448
3.390000	0.818096	0.014429
3.400000	0.812952	0.014338
3.410000	0.809605	0.014279
3.420000	0.804592	0.014190
3.430000	0.798097	0.014076
3.440000	0.792996	0.013986
3.450000	0.786168	0.013865
3.460000	0.782059	0.013793
3.470000	0.776505	0.013695
3.480000	0.772354	0.013622
3.490000	0.764466	0.013483
3.500000	0.758686	0.013381
3.510000	0.752571	0.013273
3.520000	0.745122	0.013141
3.530000	0.739702	0.013046
3.540000	0.732381	0.012917
3.550000	0.723532	0.012761
3.560000	0.716691	0.012640
3.570000	0.708297	0.012492
3.580000	0.700708	0.012358
3.590000	0.694169	0.012243
3.600000	0.684929	0.012080
3.610000	0.674494	0.011896
3.620000	0.667246	0.011768
3.630000	0.657950	0.011604
3.640000	0.646267	0.011398
3.650000	0.635035	0.011200
3.660000	0.624127	0.011008
3.670000	0.612283	0.010799
3.680000	0.601362	0.010606
3.690000	0.589978	0.010405
3.700000	0.575415	0.010148
3.710000	0.563477	0.009938
3.720000	0.549785	0.009696
3.730000	0.534134	0.009420
3.740000	0.520424	0.009179
3.750000	0.506489	0.008933
3.760000	0.491272	0.008664
3.770000	0.474916	0.008376
3.780000	0.458465	0.008086
3.790000	0.442350	0.007802
3.800000	0.423869	0.007476
3.810000	0.406387	0.007167
3.820000	0.385155	0.006793
3.830000	0.365411	0.006445
3.840000	0.345960	0.006102
3.850000	0.324678	0.005726
3.860000	0.303173	0.005347
3.870000	0.278314	0.004909
3.880000	0.254742	0.004493
3.890000	0.230319	0.004062
3.900000	0.204844	0.003613
3.910000	0.176537	0.003114
3.920000	0.151379	0.002670
3.930000	0.121664	0.002146
3.940000	0.092211	0.001626
3.950000	0.061619	0.001087
3.960000	0.031057	0.000548
3.970000	-0.001134	-1.999365E-5
3.980000	-0.037290	-0.000658
3.990000	-0.070710	-0.001247
4.000000	-0.108531	-0.001914
4.010000	-0.144793	-0.002554
4.020000	-0.184325	-0.003251
4.030000	-0.226096	-0.003988
4.040000	-0.269097	-0.004746
4.050000	-0.311211	-0.005489
4.060000	-0.356025	-0.006279
4.070000	-0.402456	-0.007098
