-0.100000	2.083740	0.036750
-0.090000	2.080470	0.036693
-0.080000	2.080790	0.036698
-0.070000	2.082680	0.036732
-0.060000	2.083770	0.036751
-0.050000	2.082750	0.036733
-0.040000	2.082090	0.036721
-0.030000	2.079680	0.036679
-0.020000	2.084400	0.036762
-0.010000	2.083820	0.036752
0.000000	2.084260	0.036759
0.010000	2.086530	0.036799
0.020000	2.084280	0.036760
0.030000	2.079980	0.036684
0.040000	2.080630	0.036695
0.050000	2.082360	0.036726
0.060000	2.080660	0.036696
0.070000	2.082050	0.036720
0.080000	2.079470	0.036675
0.090000	2.077980	0.036649
0.100000	2.075310	0.036602
0.110000	2.077140	0.036634
0.120000	2.076050	0.036615
0.130000	2.076900	0.036630
0.140000	2.074790	0.036592
0.150000	2.073510	0.036570
0.160000	2.072380	0.036550
0.170000	2.070040	0.036509
0.180000	2.071390	0.036532
0.190000	2.074430	0.036586
0.200000	2.072680	0.036555
0.210000	2.072080	0.036545
0.220000	2.073850	0.036576
0.230000	2.073680	0.036573
0.240000	2.071930	0.036542
0.250000	2.071640	0.036537
0.260000	2.069930	0.036507
0.270000	2.067770	0.036469
0.280000	2.068090	0.036474
0.290000	2.069630	0.036501
0.300000	2.065800	0.036434
0.310000	2.065380	0.036426
0.320000	2.063160	0.036387
0.330000	2.064490	0.036411
0.340000	2.063420	0.036392
0.350000	2.062330	0.036373
0.360000	2.064520	0.036411
0.370000	2.062350	0.036373
0.380000	2.060230	0.036336
0.390000	2.065060	0.036421
0.400000	2.060800	0.036346
0.410000	2.060630	0.036343
0.420000	2.060710	0.036344
0.430000	2.056770	0.036275
0.440000	2.057270	0.036283
0.450000	2.057720	0.036291
0.460000	2.053130	0.036210
0.470000	2.053710	0.036221
0.480000	2.053060	0.036209
0.490000	2.050480	0.036164
0.500000	2.051500	0.036182
0.510000	2.050060	0.036156
0.520000	2.048110	0.036122
0.530000	2.050470	0.036163
0.540000	2.048100	0.036122
0.550000	2.046440	0.036092
0.560000	2.046240	0.036089
0.570000	2.046670	0.036096
0.580000	2.044560	0.036059
0.590000	2.043940	0.036048
0.600000	2.044820	0.036064
0.610000	2.047230	0.036106
0.620000	2.044610	0.036060
0.630000	2.041290	0.036002
0.640000	2.043150	0.036034
0.650000	2.042090	0.036016
0.660000	2.042700	0.036026
0.670000	2.044220	0.036053
0.680000	2.044190	0.036053
0.690000	2.041400	0.036004
0.700000	2.039890	0.035977
0.710000	2.042820	0.036029
0.720000	2.042670	0.036026
0.730000	2.044350	0.036056
0.740000	2.040790	0.035993
0.750000	2.042770	0.036028
0.760000	2.039160	0.035964
0.770000	2.038820	0.035958
0.780000	2.036940	0.035925
0.790000	2.036650	0.035920
0.800000	2.037280	0.035931
0.810000	2.037290	0.035931
0.820000	2.037150	0.035929
0.830000	2.039380	0.035968
0.840000	2.037820	0.035940
0.850000	2.033910	0.035871
0.860000	2.033900	0.035871
0.870000	2.034470	0.035881
0.880000	2.035580	0.035901
0.890000	2.034110	0.035875
0.900000	2.033560	0.035865
0.910000	2.037010	0.035926
0.920000	2.031700	0.035832
0.930000	2.033970	0.035872
0.940000	2.031850	0.035835
0.950000	2.032940	0.035854
0.960000	2.031630	0.035831
0.970000	2.031510	0.035829
0.980000	2.035340	0.035897
0.990000	2.031300	0.035825
1.000000	2.029010	0.035785
1.010000	2.030790	0.035816
1.020000	2.030770	0.035816
1.030000	2.029790	0.035799
1.040000	2.029310	0.035790
1.050000	2.028020	0.035768
1.060000	2.026430	0.035740
1.070000	2.028480	0.035776
1.080000	2.027390	0.035756
1.090000	2.028610	0.035778
1.100000	2.026990	0.035749
1.110000	2.026130	0.035734
1.120000	2.027370	0.035756
1.130000	2.026950	0.035749
1.140000	2.023960	0.035696
1.150000	2.025020	0.035715
1.160000	2.024130	0.035699
1.170000	2.023420	0.035686
1.180000	2.025470	0.035723
1.190000	2.024670	0.035708
1.200000	2.023670	0.035691
1.210000	2.021950	0.035660
1.220000	2.023720	0.035692
1.230000	2.017260	0.035578
1.240000	2.018880	0.035606
1.250000	2.019660	0.035620
1.260000	2.018020	0.035591
1.270000	2.019200	0.035612
1.280000	2.016110	0.035557
1.290000	2.018140	0.035593
1.300000	2.021010	0.035644
1.310000	2.015730	0.035551
1.320000	2.015310	0.035543
1.330000	2.014880	0.035536
1.340000	2.015030	0.035538
1.350000	2.017200	0.035577
1.360000	2.014000	0.035520
1.370000	2.011840	0.035482
1.380000	2.014650	0.035532
1.390000	2.011640	0.035479
1.400000	2.012990	0.035502
1.410000	2.011930	0.035484
1.420000	2.011860	0.035483
1.430000	2.011910	0.035483
1.440000	2.010080	0.035451
1.450000	2.007800	0.035411
1.460000	2.009030	0.035433
1.470000	2.007380	0.035404
1.480000	2.007140	0.035399
1.490000	2.007490	0.035405
1.500000	2.008100	0.035416
1.510000	2.003780	0.035340
1.520000	2.005250	0.035366
1.530000	2.009140	0.035435
1.540000	2.005960	0.035378
1.550000	2.003180	0.035329
1.560000	2.001580	0.035301
1.570000	2.002200	0.035312
1.580000	2.004710	0.035356
1.590000	2.004370	0.035350
1.600000	2.004050	0.035345
1.610000	2.002420	0.035316
1.620000	2.003080	0.035328
1.630000	2.001190	0.035294
1.640000	2.001640	0.035302
1.650000	2.000850	0.035288
1.660000	1.998770	0.035252
1.670000	1.997090	0.035222
1.680000	1.998340	0.035244
1.690000	1.998380	0.035245
1.700000	1.999170	0.035259
1.710000	1.998230	0.035242
1.720000	1.998640	0.035249
1.730000	1.997710	0.035233
1.740000	1.996580	0.035213
1.750000	1.998670	0.035250
1.760000	1.998330	0.035244
1.770000	1.995890	0.035201
1.780000	1.994800	0.035182
1.790000	1.998820	0.035253
1.800000	2.000230	0.035277
1.810000	1.998890	0.035254
1.820000	1.997100	0.035222
1.830000	1.997030	0.035221
1.840000	1.993530	0.035159
1.850000	1.997230	0.035225
1.860000	1.995180	0.035188
1.870000	1.991250	0.035119
1.880000	1.993160	0.035153
1.890000	1.990520	0.035106
1.900000	1.991850	0.035130
1.910000	1.991210	0.035118
1.920000	1.987010	0.035044
1.930000	1.989560	0.035089
1.940000	1.987640	0.035055
1.950000	1.987530	0.035053
1.960000	1.990780	0.035111
1.970000	1.989580	0.035090
1.980000	1.988200	0.035065
1.990000	1.987120	0.035046
2.000000	1.987760	0.035057
2.010000	1.985730	0.035022
2.020000	1.984520	0.035000
2.030000	1.984440	0.034999
2.040000	1.983870	0.034989
2.050000	1.982610	0.034967
2.060000	1.980890	0.034936
2.070000	1.980440	0.034928
2.080000	1.982180	0.034959
2.090000	1.980880	0.034936
2.100000	1.979530	0.034912
2.110000	1.977090	0.034869
2.120000	1.975840	0.034847
2.130000	1.973290	0.034802
2.140000	1.973340	0.034803
2.150000	1.972660	0.034791
2.160000	1.973720	0.034810
2.170000	1.971400	0.034769
2.180000	1.972410	0.034787
2.190000	1.970670	0.034756
2.200000	1.968950	0.034726
2.210000	1.968040	0.034710
2.220000	1.967170	0.034694
2.230000	1.969060	0.034728
2.240000	1.968940	0.034726
2.250000	1.964370	0.034645
2.260000	1.966310	0.034679
2.270000	1.963310	0.034626
2.280000	1.961440	0.034593
2.290000	1.965020	0.034656
2.300000	1.962750	0.034616
2.310000	1.961370	0.034592
2.320000	1.961760	0.034599
2.330000	1.961350	0.034592
2.340000	1.959630	0.034561
2.350000	1.960670	0.034580
2.360000	1.964430	0.034646
2.370000	1.960580	0.034578
2.380000	1.960640	0.034579
2.390000	1.960070	0.034569
2.400000	1.955720	0.034492
2.410000	1.958720	0.034545
2.420000	1.960900	0.034584
2.430000	1.960040	0.034569
2.440000	1.959680	0.034562
2.450000	1.960510	0.034577
2.460000	1.962110	0.034605
2.470000	1.960260	0.034572
2.480000	1.957700	0.034527
2.490000	1.956240	0.034502
2.500000	1.956360	0.034504
2.510000	1.956220	0.034501
2.520000	1.954360	0.034468
2.530000	1.956520	0.034507
2.540000	1.958680	0.034545
2.550000	1.956730	0.034510
2.560000	1.960390	0.034575
2.570000	1.958720	0.034545
2.580000	1.955320	0.034485
2.590000	1.956750	0.034511
2.600000	1.955230	0.034484
2.610000	1.956800	0.034511
2.620000	1.958170	0.034536
2.630000	1.956240	0.034502
2.640000	1.954520	0.034471
2.650000	1.952340	0.034433
2.660000	1.955540	0.034489
2.670000	1.956620	0.034508
2.680000	1.955850	0.034495
2.690000	1.952650	0.034438
2.700000	1.952480	0.034435
2.710000	1.953610	0.034455
2.720000	1.952380	0.034434
2.730000	1.951540	0.034419
2.740000	1.952950	0.034444
2.750000	1.951110	0.034411
2.760000	1.951840	0.034424
2.770000	1.948570	0.034366
2.780000	1.946070	0.034322
2.790000	1.949160	0.034377
2.800000	1.947750	0.034352
2.810000	1.946380	0.034328
2.820000	1.947700	0.034351
2.830000	1.943980	0.034285
2.840000	1.942910	0.034266
2.850000	1.942760	0.034264
2.860000	1.944110	0.034288
2.870000	1.941440	0.034241
2.880000	1.940890	0.034231
2.890000	1.938290	0.034185
2.900000	1.938590	0.034190
2.910000	1.936840	0.034159
2.920000	1.937700	0.034175
2.930000	1.935830	0.034142
2.940000	1.934580	0.034120
2.950000	1.937730	0.034175
2.960000	1.934480	0.034118
2.970000	1.932220	0.034078
2.980000	1.930110	0.034041
2.990000	1.928240	0.034008
3.000000	1.926090	0.033970
3.010000	1.925820	0.033965
3.020000	1.925400	0.033958
3.030000	1.925300	0.033956
3.040000	1.924310	0.033938
3.050000	1.919610	0.033856
3.060000	1.917710	0.033822
3.070000	1.917490	0.033818
3.080000	1.915450	0.033782
3.090000	1.915370	0.033781
3.100000	1.913600	0.033750
3.110000	1.915620	0.033785
3.120000	1.914050	0.033757
3.130000	1.911660	0.033715
3.140000	1.912650	0.033733
3.150000	1.907750	0.033646
3.160000	1.907890	0.033649
3.170000	1.905060	0.033599
3.180000	1.902880	0.033560
3.190000	1.900950	0.033526
3.200000	1.900810	0.033524
3.210000	1.898970	0.033492
3.220000	1.897040	0.033457
3.230000	1.894800	0.033418
3.240000	1.890410	0.033341
3.250000	1.891670	0.033363
3.260000	1.889310	0.033321
3.270000	1.882630	0.033203
3.280000	1.884570	0.033238
3.290000	1.878310	0.033127
3.300000	1.875450	0.033077
3.310000	1.878600	0.033132
3.320000	1.871940	0.033015
3.330000	1.868630	0.032956
3.340000	1.865540	0.032902
3.350000	1.861150	0.032825
3.360000	1.856960	0.032751
3.370000	1.854360	0.032705
3.380000	1.849610	0.032621
3.390000	1.841110	0.032471
3.400000	1.839690	0.032446
3.410000	1.832340	0.032316
3.420000	1.830410	0.032282
3.430000	1.823910	0.032168
3.440000	1.820340	0.032105
3.450000	1.816160	0.032031
3.460000	1.811200	0.031944
3.470000	1.805280	0.031839
3.480000	1.797410	0.031700
3.490000	1.791660	0.031599
3.500000	1.786970	0.031516
3.510000	1.776880	0.031338
3.520000	1.770540	0.031226
3.530000	1.762370	0.031082
3.540000	1.754330	0.030941
3.550000	1.747380	0.030818
3.560000	1.738490	0.030661
3.570000	1.730060	0.030513
3.580000	1.722880	0.030386
3.590000	1.710290	0.030164
3.600000	1.703340	0.030041
3.610000	1.693490	0.029868
3.620000	1.684510	0.029709
3.630000	1.671900	0.029487
3.640000	1.661300	0.029300
3.650000	1.647000	0.029048
3.660000	1.635190	0.028839
3.670000	1.623120	0.028626
3.680000	1.611620	0.028424
3.690000	1.596150	0.028151
3.700000	1.581620	0.027895
3.710000	1.571220	0.027711
3.720000	1.553570	0.027400
3.730000	1.537540	0.027117
3.740000	1.520430	0.026815
3.750000	1.504090	0.026527
3.760000	1.486870	0.026223
3.770000	1.467550	0.025883
3.780000	1.453070	0.025627
3.790000	1.432990	0.025273
3.800000	1.413150	0.024923
3.810000	1.394750	0.024599
3.820000	1.371760	0.024193
3.830000	1.352680	0.023857
3.840000	1.327370	0.023410
3.850000	1.304110	0.023000
3.860000	1.282010	0.022610
3.870000	1.257770	0.022183
3.880000	1.231160	0.021714
3.890000	1.204740	0.021248
3.900000	1.177330	0.020764
3.910000	1.146810	0.020226
3.920000	1.116980	0.019700
3.930000	1.086900	0.019169
3.940000	1.054840	0.018604
3.950000	1.021010	0.018007
3.960000	0.986895	0.017406
3.970000	0.951750	0.016786
3.980000	0.916462	0.016163
3.990000	0.876324	0.015455
4.000000	0.839028	0.014798
4.010000	0.796774	0.014052
4.020000	0.754183	0.013301
4.030000	0.710010	0.012522
4.040000	0.666047	0.011747
4.050000	0.619038	0.010918
4.060000	0.570305	0.010058
4.070000	0.522103	0.009208
4.080000	0.469356	0.008278
4.090000	0.414354	0.007308
4.100000	0.359555	0.006341
4.110000	0.300280	0.005296
4.120000	0.240797	0.004247
4.130000	0.182130	0.003212
4.140000	0.120830	0.002131
4.150000	0.052333	0.000923
4.160000	-0.016102	-0.000284
4.170000	-0.088961	-0.001569
4.180000	-0.159832	-0.002819
4.190000	-0.236164	-0.004165
4.200000	-0.313943	-0.005537
4.210000	-0.394553	-0.006959
4.220000	-0.474547	-0.008369
4.230000	-0.560087	-0.009878
4.240000	-0.651850	-0.011496
4.250000	-0.738849	-0.013031
4.260000	-0.833052	-0.014692
