-0.100000	0.840868	0.014830
-0.090000	0.838891	0.014795
-0.080000	0.840926	0.014831
-0.070000	0.840604	0.014825
-0.060000	0.839987	0.014815
-0.050000	0.839503	0.014806
-0.040000	0.840277	0.014820
-0.030000	0.837691	0.014774
-0.020000	0.837849	0.014777
-0.010000	0.839315	0.014803
0.000000	0.838433	0.014787
0.010000	0.838596	0.014790
0.020000	0.839488	0.014806
0.030000	0.838715	0.014792
0.040000	0.840331	0.014821
0.050000	0.837757	0.014775
0.060000	0.836525	0.014754
0.070000	0.836021	0.014745
0.080000	0.836330	0.014750
0.090000	0.836958	0.014761
0.100000	0.836237	0.014748
0.110000	0.836784	0.014758
0.120000	0.836379	0.014751
0.130000	0.835510	0.014736
0.140000	0.834371	0.014716
0.150000	0.834387	0.014716
0.160000	0.833608	0.014702
0.170000	0.834862	0.014724
0.180000	0.834408	0.014716
0.190000	0.832928	0.014690
0.200000	0.833284	0.014696
0.210000	0.834367	0.014715
0.220000	0.831997	0.014674
0.230000	0.832112	0.014676
0.240000	0.832771	0.014687
0.250000	0.832402	0.014681
0.260000	0.832438	0.014681
0.270000	0.832574	0.014684
0.280000	0.831303	0.014661
0.290000	0.830017	0.014639
0.300000	0.831073	0.014657
0.310000	0.830181	0.014642
0.320000	0.830464	0.014647
0.330000	0.831341	0.014662
0.340000	0.831674	0.014668
0.350000	0.831352	0.014662
0.360000	0.831371	0.014663
0.370000	0.830193	0.014642
0.380000	0.829743	0.014634
0.390000	0.828744	0.014616
0.400000	0.829874	0.014636
0.410000	0.828770	0.014617
0.420000	0.828789	0.014617
0.430000	0.827686	0.014598
0.440000	0.828817	0.014618
0.450000	0.828441	0.014611
0.460000	0.827921	0.014602
0.470000	0.827396	0.014593
0.480000	0.826750	0.014581
0.490000	0.827158	0.014588
0.500000	0.827194	0.014589
0.510000	0.826518	0.014577
0.520000	0.826738	0.014581
0.530000	0.826021	0.014568
0.540000	0.825499	0.014559
0.550000	0.825980	0.014568
0.560000	0.826920	0.014584
0.570000	0.826882	0.014583
0.580000	0.827080	0.014587
0.590000	0.826456	0.014576
0.600000	0.825681	0.014562
0.610000	0.826623	0.014579
0.620000	0.825449	0.014558
0.630000	0.825126	0.014552
0.640000	0.824371	0.014539
0.650000	0.824751	0.014546
0.660000	0.824747	0.014546
0.670000	0.824080	0.014534
0.680000	0.823991	0.014532
0.690000	0.823804	0.014529
0.700000	0.824232	0.014537
0.710000	0.823031	0.014516
0.720000	0.822764	0.014511
0.730000	0.821836	0.014494
0.740000	0.820616	0.014473
0.750000	0.820748	0.014475
0.760000	0.821529	0.014489
0.770000	0.822626	0.014508
0.780000	0.821236	0.014484
0.790000	0.821591	0.014490
0.800000	0.822297	0.014503
0.810000	0.821057	0.014481
0.820000	0.821582	0.014490
0.830000	0.821629	0.014491
0.840000	0.822011	0.014498
0.850000	0.820375	0.014469
0.860000	0.819181	0.014448
0.870000	0.819219	0.014448
0.880000	0.819554	0.014454
0.890000	0.820711	0.014475
0.900000	0.819735	0.014457
0.910000	0.820188	0.014465
0.920000	0.820053	0.014463
0.930000	0.819459	0.014453
0.940000	0.819732	0.014457
0.950000	0.819969	0.014462
0.960000	0.819742	0.014458
0.970000	0.820141	0.014465
0.980000	0.819813	0.014459
0.990000	0.819773	0.014458
1.000000	0.819973	0.014462
1.010000	0.818397	0.014434
1.020000	0.818340	0.014433
1.030000	0.819040	0.014445
1.040000	0.817782	0.014423
1.050000	0.818481	0.014435
1.060000	0.818285	0.014432
1.070000	0.819593	0.014455
1.080000	0.818033	0.014427
1.090000	0.819599	0.014455
1.100000	0.818628	0.014438
1.110000	0.817444	0.014417
1.120000	0.816972	0.014409
1.130000	0.817352	0.014415
1.140000	0.817530	0.014419
1.150000	0.818847	0.014442
1.160000	0.815406	0.014381
1.170000	0.815898	0.014390
1.180000	0.816356	0.014398
1.190000	0.816527	0.014401
1.200000	0.816742	0.014405
1.210000	0.815047	0.014375
1.220000	0.815177	0.014377
1.230000	0.815039	0.014375
1.240000	0.814914	0.014372
1.250000	0.815460	0.014382
1.260000	0.814260	0.014361
1.270000	0.813600	0.014349
1.280000	0.813850	0.014354
1.290000	0.814169	0.014359
1.300000	0.813214	0.014342
1.310000	0.812408	0.014328
1.320000	0.812212	0.014325
1.330000	0.811512	0.014312
1.340000	0.812985	0.014338
1.350000	0.811294	0.014309
1.360000	0.810268	0.014290
1.370000	0.810018	0.014286
1.380000	0.810375	0.014292
1.390000	0.810141	0.014288
1.400000	0.809884	0.014284
1.410000	0.809371	0.014275
1.420000	0.807909	0.014249
1.430000	0.808013	0.014251
1.440000	0.808852	0.014265
1.450000	0.809447	0.014276
1.460000	0.809368	0.014275
1.470000	0.807868	0.014248
1.480000	0.807251	0.014237
1.490000	0.807562	0.014243
1.500000	0.807970	0.014250
1.510000	0.806017	0.014215
1.520000	0.808040	0.014251
1.530000	0.805748	0.014211
1.540000	0.805005	0.014198
1.550000	0.805415	0.014205
1.560000	0.806389	0.014222
1.570000	0.805627	0.014209
1.580000	0.804747	0.014193
1.590000	0.803520	0.014171
1.600000	0.805815	0.014212
1.610000	0.804846	0.014195
1.620000	0.805468	0.014206
1.630000	0.804720	0.014193
1.640000	0.806041	0.014216
1.650000	0.806097	0.014217
1.660000	0.805239	0.014202
1.670000	0.804705	0.014192
1.680000	0.805013	0.014198
1.690000	0.805038	0.014198
1.700000	0.805905	0.014213
1.710000	0.806163	0.014218
1.720000	0.805023	0.014198
1.730000	0.804482	0.014188
1.740000	0.804900	0.014196
1.750000	0.803885	0.014178
1.760000	0.803561	0.014172
1.770000	0.803986	0.014180
1.780000	0.803918	0.014178
1.790000	0.803454	0.014170
1.800000	0.802849	0.014160
1.810000	0.802638	0.014156
1.820000	0.802452	0.014153
1.830000	0.801026	0.014127
1.840000	0.800445	0.014117
1.850000	0.801856	0.014142
1.860000	0.802272	0.014149
1.870000	0.800389	0.014116
1.880000	0.800682	0.014121
1.890000	0.800210	0.014113
1.900000	0.800643	0.014121
1.910000	0.799978	0.014109
1.920000	0.798899	0.014090
1.930000	0.798225	0.014078
1.940000	0.797859	0.014072
1.950000	0.797763	0.014070
1.960000	0.797810	0.014071
1.970000	0.798089	0.014076
1.980000	0.797477	0.014065
1.990000	0.798566	0.014084
2.000000	0.796856	0.014054
2.010000	0.796078	0.014040
2.020000	0.795579	0.014031
2.030000	0.793985	0.014003
2.040000	0.794263	0.014008
2.050000	0.793705	0.013998
2.060000	0.793667	0.013998
2.070000	0.792223	0.013972
2.080000	0.793072	0.013987
2.090000	0.793420	0.013993
2.100000	0.792896	0.013984
2.110000	0.792088	0.013970
2.120000	0.792339	0.013974
2.130000	0.791351	0.013957
2.140000	0.792179	0.013971
2.150000	0.791889	0.013966
2.160000	0.789867	0.013931
2.170000	0.790347	0.013939
2.180000	0.789876	0.013931
2.190000	0.789759	0.013929
2.200000	0.788545	0.013907
2.210000	0.788767	0.013911
2.220000	0.788649	0.013909
2.230000	0.789765	0.013929
2.240000	0.789021	0.013916
2.250000	0.788862	0.013913
2.260000	0.789694	0.013928
2.270000	0.787898	0.013896
2.280000	0.789327	0.013921
2.290000	0.787682	0.013892
2.300000	0.787869	0.013895
2.310000	0.788531	0.013907
2.320000	0.788479	0.013906
2.330000	0.788216	0.013902
2.340000	0.787608	0.013891
2.350000	0.787060	0.013881
2.360000	0.787371	0.013887
2.370000	0.787609	0.013891
2.380000	0.787599	0.013891
2.390000	0.787593	0.013891
2.400000	0.787447	0.013888
2.410000	0.787286	0.013885
2.420000	0.786341	0.013868
2.430000	0.788061	0.013899
2.440000	0.787541	0.013890
2.450000	0.787373	0.013887
2.460000	0.787732	0.013893
2.470000	0.787060	0.013881
2.480000	0.787736	0.013893
2.490000	0.786675	0.013874
2.500000	0.788374	0.013904
2.510000	0.787650	0.013892
2.520000	0.787390	0.013887
2.530000	0.785219	0.013849
2.540000	0.786342	0.013868
2.550000	0.785566	0.013855
2.560000	0.783837	0.013824
2.570000	0.785354	0.013851
2.580000	0.784508	0.013836
2.590000	0.783891	0.013825
2.600000	0.783636	0.013821
2.610000	0.782622	0.013803
2.620000	0.783192	0.013813
2.630000	0.782936	0.013808
2.640000	0.782265	0.013797
2.650000	0.782388	0.013799
2.660000	0.782583	0.013802
2.670000	0.783111	0.013811
2.680000	0.781846	0.013789
2.690000	0.781366	0.013781
2.700000	0.779589	0.013749
2.710000	0.778851	0.013736
2.720000	0.778419	0.013729
2.730000	0.777326	0.013709
2.740000	0.777558	0.013714
2.750000	0.777211	0.013707
2.760000	0.776993	0.013704
2.770000	0.777490	0.013712
2.780000	0.776737	0.013699
2.790000	0.775521	0.013678
2.800000	0.773876	0.013649
2.810000	0.775179	0.013672
2.820000	0.773046	0.013634
2.830000	0.772275	0.013620
2.840000	0.770897	0.013596
2.850000	0.771058	0.013599
2.860000	0.771158	0.013601
2.870000	0.771667	0.013610
2.880000	0.769608	0.013573
2.890000	0.768505	0.013554
2.900000	0.768837	0.013560
2.910000	0.767651	0.013539
2.920000	0.767202	0.013531
2.930000	0.765448	0.013500
2.940000	0.764363	0.013481
2.950000	0.763946	0.013473
2.960000	0.763926	0.013473
2.970000	0.762668	0.013451
2.980000	0.761857	0.013437
2.990000	0.760562	0.013414
3.000000	0.758744	0.013382
3.010000	0.758107	0.013370
3.020000	0.757464	0.013359
3.030000	0.756324	0.013339
3.040000	0.754877	0.013314
3.050000	0.754647	0.013309
3.060000	0.753633	0.013292
3.070000	0.751877	0.013261
3.080000	0.749781	0.013224
3.090000	0.748610	0.013203
3.100000	0.745528	0.013149
3.110000	0.744699	0.013134
3.120000	0.744007	0.013122
3.130000	0.741231	0.013073
3.140000	0.740948	0.013068
3.150000	0.740200	0.013055
3.160000	0.737574	0.013008
3.170000	0.735628	0.012974
3.180000	0.734139	0.012948
3.190000	0.732646	0.012921
3.200000	0.729952	0.012874
3.210000	0.726253	0.012809
3.220000	0.724113	0.012771
3.230000	0.723014	0.012752
3.240000	0.719730	0.012694
3.250000	0.717038	0.012646
3.260000	0.714743	0.012606
3.270000	0.711833	0.012554
3.280000	0.709086	0.012506
3.290000	0.706103	0.012453
3.300000	0.704375	0.012423
3.310000	0.700365	0.012352
3.320000	0.696593	0.012286
3.330000	0.692944	0.012221
3.340000	0.689028	0.012152
3.350000	0.686524	0.012108
3.360000	0.682395	0.012035
3.370000	0.678241	0.011962
3.380000	0.675280	0.011910
3.390000	0.671993	0.011852
3.400000	0.666256	0.011751
3.410000	0.661452	0.011666
3.420000	0.657201	0.011591
3.430000	0.653882	0.011532
3.440000	0.647436	0.011419
3.450000	0.643028	0.011341
3.460000	0.637529	0.011244
3.470000	0.629860	0.011109
3.480000	0.624824	0.011020
3.490000	0.620014	0.010935
3.500000	0.613474	0.010820
3.510000	0.606233	0.010692
3.520000	0.601113	0.010602
3.530000	0.593918	0.010475
3.540000	0.586685	0.010347
3.550000	0.579355	0.010218
3.560000	0.571437	0.010078
3.570000	0.564210	0.009951
3.580000	0.555470	0.009797
3.590000	0.547257	0.009652
3.600000	0.538146	0.009491
3.610000	0.527921	0.009311
3.620000	0.520283	0.009176
3.630000	0.511234	0.009016
3.640000	0.501366	0.008842
3.650000	0.490283	0.008647
3.660000	0.481758	0.008497
3.670000	0.469572	0.008282
3.680000	0.458267	0.008082
3.690000	0.446937	0.007882
3.700000	0.434727	0.007667
3.710000	0.421876	0.007440
3.720000	0.407118	0.007180
3.730000	0.393194	0.006935
3.740000	0.379010	0.006684
3.750000	0.363393	0.006409
3.760000	0.348054	0.006139
3.770000	0.333931	0.005889
3.780000	0.315643	0.005567
3.790000	0.299874	0.005289
3.800000	0.281784	0.004970
3.810000	0.264235	0.004660
3.820000	0.243720	0.004298
3.830000	0.225191	0.003972
3.840000	0.202925	0.003579
3.850000	0.183396	0.003234
3.860000	0.161941	0.002856
3.870000	0.137600	0.002427
3.880000	0.115219	0.002032
3.890000	0.090118	0.001589
3.900000	0.064301	0.001134
3.910000	0.039804	0.000702
3.920000	0.012149	0.000214
3.930000	-0.017540	-0.000309
3.940000	-0.045044	-0.000794
3.950000	-0.077173	-0.001361
3.960000	-0.108155	-0.001907
3.970000	-0.142072	-0.002506
3.980000	-0.175930	-0.003103
3.990000	-0.210884	-0.003719
4.000000	-0.246616	-0.004349
4.010000	-0.283810	-0.005005
4.020000	-0.320736	-0.005657
