-0.100000	3.444420	0.060748
-0.090000	3.444710	0.060753
-0.080000	3.442500	0.060714
-0.070000	3.439740	0.060666
-0.060000	3.441890	0.060704
-0.050000	3.442130	0.060708
-0.040000	3.434660	0.060576
-0.030000	3.438800	0.060649
-0.020000	3.443500	0.060732
-0.010000	3.437890	0.060633
0.000000	3.436340	0.060606
0.010000	3.439720	0.060665
0.020000	3.434610	0.060575
0.030000	3.430210	0.060498
0.040000	3.433570	0.060557
0.050000	3.430540	0.060503
0.060000	3.433050	0.060548
0.070000	3.429440	0.060484
0.080000	3.432730	0.060542
0.090000	3.430340	0.060500
0.100000	3.430560	0.060504
0.110000	3.428560	0.060468
0.120000	3.426850	0.060438
0.130000	3.429260	0.060481
0.140000	3.425580	0.060416
0.150000	3.425850	0.060421
0.160000	3.426660	0.060435
0.170000	3.425660	0.060417
0.180000	3.421120	0.060337
0.190000	3.424480	0.060396
0.200000	3.420060	0.060319
0.210000	3.417330	0.060270
0.220000	3.421780	0.060349
0.230000	3.413870	0.060209
0.240000	3.416570	0.060257
0.250000	3.414360	0.060218
0.260000	3.414490	0.060220
0.270000	3.410310	0.060147
0.280000	3.409480	0.060132
0.290000	3.403650	0.060029
0.300000	3.404570	0.060045
0.310000	3.403230	0.060022
0.320000	3.398290	0.059935
0.330000	3.396400	0.059901
0.340000	3.399430	0.059955
0.350000	3.397530	0.059921
0.360000	3.397090	0.059913
0.370000	3.393770	0.059855
0.380000	3.389140	0.059773
0.390000	3.391370	0.059813
0.400000	3.389920	0.059787
0.410000	3.387140	0.059738
0.420000	3.388450	0.059761
0.430000	3.387660	0.059747
0.440000	3.382790	0.059661
0.450000	3.382190	0.059651
0.460000	3.382690	0.059659
0.470000	3.385100	0.059702
0.480000	3.379230	0.059598
0.490000	3.383320	0.059671
0.500000	3.380740	0.059625
0.510000	3.383520	0.059674
0.520000	3.384570	0.059693
0.530000	3.380330	0.059618
0.540000	3.379480	0.059603
0.550000	3.376010	0.059542
0.560000	3.375740	0.059537
0.570000	3.375910	0.059540
0.580000	3.376060	0.059543
0.590000	3.375460	0.059532
0.600000	3.376690	0.059554
0.610000	3.372760	0.059484
0.620000	3.372030	0.059471
0.630000	3.373810	0.059503
0.640000	3.372520	0.059480
0.650000	3.373640	0.059500
0.660000	3.372560	0.059481
0.670000	3.376260	0.059546
0.680000	3.372980	0.059488
0.690000	3.373450	0.059496
0.700000	3.370320	0.059441
0.710000	3.372120	0.059473
0.720000	3.367070	0.059384
0.730000	3.366960	0.059382
0.740000	3.367460	0.059391
0.750000	3.360830	0.059274
0.760000	3.362190	0.059298
0.770000	3.361220	0.059281
0.780000	3.361000	0.059277
0.790000	3.363580	0.059322
0.800000	3.363190	0.059316
0.810000	3.364210	0.059334
0.820000	3.361750	0.059290
0.830000	3.361420	0.059284
0.840000	3.362560	0.059304
0.850000	3.360140	0.059262
0.860000	3.355560	0.059181
0.870000	3.355790	0.059185
0.880000	3.351510	0.059110
0.890000	3.350070	0.059084
0.900000	3.351650	0.059112
0.910000	3.351100	0.059102
0.920000	3.354880	0.059169
0.930000	3.357300	0.059212
0.940000	3.352440	0.059126
0.950000	3.348750	0.059061
0.960000	3.348950	0.059064
0.970000	3.350200	0.059086
0.980000	3.348770	0.059061
0.990000	3.349910	0.059081
1.000000	3.349270	0.059070
1.010000	3.349190	0.059069
1.020000	3.348240	0.059052
1.030000	3.345620	0.059006
1.040000	3.345490	0.059003
1.050000	3.341820	0.058939
1.060000	3.346070	0.059014
1.070000	3.344950	0.058994
1.080000	3.346280	0.059017
1.090000	3.348310	0.059053
1.100000	3.344270	0.058982
1.110000	3.340170	0.058910
1.120000	3.339080	0.058890
1.130000	3.341770	0.058938
1.140000	3.341820	0.058939
1.150000	3.340850	0.058922
1.160000	3.337850	0.058869
1.170000	3.339550	0.058899
1.180000	3.334470	0.058809
1.190000	3.335780	0.058832
1.200000	3.338260	0.058876
1.210000	3.337560	0.058863
1.220000	3.335010	0.058819
1.230000	3.333980	0.058800
1.240000	3.334020	0.058801
1.250000	3.334120	0.058803
1.260000	3.332300	0.058771
1.270000	3.331070	0.058749
1.280000	3.332820	0.058780
1.290000	3.327270	0.058682
1.300000	3.331850	0.058763
1.310000	3.327600	0.058688
1.320000	3.327340	0.058683
1.330000	3.325420	0.058649
1.340000	3.326820	0.058674
1.350000	3.327980	0.058695
1.360000	3.328490	0.058704
1.370000	3.326120	0.058662
1.380000	3.326390	0.058666
1.390000	3.324240	0.058629
1.400000	3.325620	0.058653
1.410000	3.324440	0.058632
1.420000	3.322500	0.058598
1.430000	3.320820	0.058568
1.440000	3.324680	0.058636
1.450000	3.322930	0.058605
1.460000	3.323680	0.058619
1.470000	3.323760	0.058620
1.480000	3.321690	0.058584
1.490000	3.323630	0.058618
1.500000	3.320970	0.058571
1.510000	3.321280	0.058576
1.520000	3.324410	0.058632
1.530000	3.324030	0.058625
1.540000	3.322270	0.058594
1.550000	3.320160	0.058557
1.560000	3.319840	0.058551
1.570000	3.317040	0.058502
1.580000	3.323010	0.058607
1.590000	3.319500	0.058545
1.600000	3.316040	0.058484
1.610000	3.318230	0.058523
1.620000	3.316730	0.058496
1.630000	3.316000	0.058483
1.640000	3.323710	0.058619
1.650000	3.317280	0.058506
1.660000	3.316790	0.058497
1.670000	3.320550	0.058563
1.680000	3.318850	0.058534
1.690000	3.319460	0.058544
1.700000	3.316010	0.058483
1.710000	3.317280	0.058506
1.720000	3.312170	0.058416
1.730000	3.312230	0.058417
1.740000	3.312310	0.058418
1.750000	3.311670	0.058407
1.760000	3.316600	0.058494
1.770000	3.313110	0.058432
1.780000	3.307260	0.058329
1.790000	3.304530	0.058281
1.800000	3.305450	0.058297
1.810000	3.307660	0.058336
1.820000	3.312320	0.058418
1.830000	3.308100	0.058344
1.840000	3.309920	0.058376
1.850000	3.308170	0.058345
1.860000	3.306080	0.058308
1.870000	3.304110	0.058274
1.880000	3.306170	0.058310
1.890000	3.306550	0.058317
1.900000	3.303330	0.058260
1.910000	3.302500	0.058245
1.920000	3.301630	0.058230
1.930000	3.299200	0.058187
1.940000	3.298000	0.058166
1.950000	3.303910	0.058270
1.960000	3.299880	0.058199
1.970000	3.296240	0.058135
1.980000	3.301100	0.058220
1.990000	3.296970	0.058148
2.000000	3.295460	0.058121
2.010000	3.293210	0.058081
2.020000	3.295810	0.058127
2.030000	3.292170	0.058063
2.040000	3.286740	0.057967
2.050000	3.285270	0.057941
2.060000	3.290910	0.058041
2.070000	3.286790	0.057968
2.080000	3.289030	0.058008
2.090000	3.286580	0.057964
2.100000	3.287250	0.057976
2.110000	3.287520	0.057981
2.120000	3.284710	0.057931
2.130000	3.283400	0.057908
2.140000	3.277980	0.057813
2.150000	3.280150	0.057851
2.160000	3.276280	0.057783
2.170000	3.276530	0.057787
2.180000	3.275040	0.057761
2.190000	3.273390	0.057732
2.200000	3.271630	0.057701
2.210000	3.271840	0.057704
2.220000	3.269950	0.057671
2.230000	3.271080	0.057691
2.240000	3.271990	0.057707
2.250000	3.268740	0.057650
2.260000	3.265770	0.057597
2.270000	3.264670	0.057578
2.280000	3.268170	0.057640
2.290000	3.262250	0.057535
2.300000	3.260910	0.057512
2.310000	3.259430	0.057486
2.320000	3.259200	0.057481
2.330000	3.257460	0.057451
2.340000	3.256800	0.057439
2.350000	3.255180	0.057411
2.360000	3.258430	0.057468
2.370000	3.257490	0.057451
2.380000	3.253390	0.057379
2.390000	3.250330	0.057325
2.400000	3.246840	0.057263
2.410000	3.248480	0.057292
2.420000	3.247150	0.057269
2.430000	3.247500	0.057275
2.440000	3.248060	0.057285
2.450000	3.247600	0.057277
2.460000	3.246020	0.057249
2.470000	3.248670	0.057296
2.480000	3.248320	0.057290
2.490000	3.245990	0.057249
2.500000	3.245590	0.057241
2.510000	3.241570	0.057171
2.520000	3.243450	0.057204
2.530000	3.243330	0.057202
2.540000	3.245250	0.057235
2.550000	3.245480	0.057240
2.560000	3.243700	0.057208
2.570000	3.246010	0.057249
2.580000	3.244800	0.057228
2.590000	3.244030	0.057214
2.600000	3.243110	0.057198
2.610000	3.243840	0.057211
2.620000	3.243490	0.057204
2.630000	3.242450	0.057186
2.640000	3.242460	0.057186
2.650000	3.240810	0.057157
2.660000	3.238040	0.057108
2.670000	3.237070	0.057091
2.680000	3.242930	0.057195
2.690000	3.241270	0.057165
2.700000	3.243190	0.057199
2.710000	3.244960	0.057230
2.720000	3.241950	0.057177
2.730000	3.241260	0.057165
2.740000	3.238900	0.057123
2.750000	3.241180	0.057164
2.760000	3.241130	0.057163
2.770000	3.235210	0.057058
2.780000	3.232480	0.057010
2.790000	3.231380	0.056991
2.800000	3.234000	0.057037
2.810000	3.229720	0.056962
2.820000	3.230120	0.056969
2.830000	3.229540	0.056958
2.840000	3.233890	0.057035
2.850000	3.231780	0.056998
2.860000	3.227780	0.056927
2.870000	3.230970	0.056984
2.880000	3.229510	0.056958
2.890000	3.225730	0.056891
2.900000	3.220620	0.056801
2.910000	3.221200	0.056811
2.920000	3.221970	0.056825
2.930000	3.218940	0.056771
2.940000	3.216360	0.056726
2.950000	3.218790	0.056769
2.960000	3.217480	0.056746
2.970000	3.214490	0.056693
2.980000	3.213730	0.056680
2.990000	3.214750	0.056698
3.000000	3.214800	0.056698
3.010000	3.212290	0.056654
3.020000	3.213970	0.056684
3.030000	3.211150	0.056634
3.040000	3.211370	0.056638
3.050000	3.212560	0.056659
3.060000	3.205700	0.056538
3.070000	3.204900	0.056524
3.080000	3.199470	0.056428
3.090000	3.201750	0.056468
3.100000	3.196130	0.056369
3.110000	3.195390	0.056356
3.120000	3.195220	0.056353
3.130000	3.193160	0.056317
3.140000	3.190850	0.056276
3.150000	3.190900	0.056277
3.160000	3.186600	0.056201
3.170000	3.188560	0.056236
3.180000	3.187530	0.056217
3.190000	3.183730	0.056150
3.200000	3.178980	0.056067
3.210000	3.177980	0.056049
3.220000	3.179470	0.056075
3.230000	3.174950	0.055996
3.240000	3.172440	0.055951
3.250000	3.171060	0.055927
3.260000	3.168720	0.055886
3.270000	3.164900	0.055818
3.280000	3.163360	0.055791
3.290000	3.164450	0.055810
3.300000	3.158190	0.055700
3.310000	3.155160	0.055647
3.320000	3.154270	0.055631
3.330000	3.151530	0.055583
3.340000	3.149810	0.055552
3.350000	3.145310	0.055473
3.360000	3.144070	0.055451
3.370000	3.139870	0.055377
3.380000	3.136120	0.055311
3.390000	3.125870	0.055130
3.400000	3.120340	0.055032
3.410000	3.118620	0.055002
3.420000	3.115880	0.054954
3.430000	3.114210	0.054924
3.440000	3.106210	0.054783
3.450000	3.099680	0.054668
3.460000	3.095030	0.054586
3.470000	3.092740	0.054546
3.480000	3.082710	0.054369
3.490000	3.073660	0.054209
3.500000	3.071810	0.054177
3.510000	3.058180	0.053936
3.520000	3.048100	0.053758
3.530000	3.039480	0.053606
3.540000	3.031930	0.053473
3.550000	3.019830	0.053260
3.560000	3.016860	0.053207
3.570000	3.005710	0.053011
3.580000	2.997830	0.052872
3.590000	2.987370	0.052687
3.600000	2.972500	0.052425
3.610000	2.965540	0.052302
3.620000	2.949720	0.052023
3.630000	2.940720	0.051865
3.640000	2.930060	0.051677
3.650000	2.917010	0.051446
3.660000	2.903660	0.051211
3.670000	2.887470	0.050925
3.680000	2.876470	0.050731
3.690000	2.858790	0.050420
3.700000	2.845150	0.050179
3.710000	2.826890	0.049857
3.720000	2.809360	0.049548
3.730000	2.794390	0.049284
3.740000	2.776950	0.048976
3.750000	2.755210	0.048593
3.760000	2.736980	0.048271
3.770000	2.717130	0.047921
3.780000	2.694080	0.047515
3.790000	2.676970	0.047213
3.800000	2.653030	0.046791
3.810000	2.629270	0.046372
3.820000	2.611050	0.046050
3.830000	2.585660	0.045602
3.840000	2.562700	0.045198
3.850000	2.535500	0.044718
3.860000	2.509880	0.044266
3.870000	2.487270	0.043867
3.880000	2.454640	0.043292
3.890000	2.423450	0.042742
3.900000	2.393100	0.042206
3.910000	2.359800	0.041619
3.920000	2.331610	0.041122
3.930000	2.299530	0.040556
3.940000	2.262620	0.039905
3.950000	2.224500	0.039233
3.960000	2.184840	0.038533
3.970000	2.148110	0.037886
3.980000	2.107150	0.037163
3.990000	2.068240	0.036477
4.000000	2.024150	0.035699
4.010000	1.977330	0.034874
4.020000	1.934200	0.034113
4.030000	1.883030	0.033210
4.040000	1.836370	0.032387
4.050000	1.781100	0.031413
4.060000	1.726930	0.030457
4.070000	1.672760	0.029502
4.080000	1.616550	0.028511
4.090000	1.557740	0.027473
4.100000	1.501730	0.026486
4.110000	1.441650	0.025426
4.120000	1.371210	0.024184
4.130000	1.305490	0.023025
4.140000	1.238780	0.021848
4.150000	1.167610	0.020593
4.160000	1.092230	0.019263
4.170000	1.015300	0.017907
4.180000	0.940384	0.016585
4.190000	0.860630	0.015179
4.200000	0.772773	0.013629
4.210000	0.688142	0.012137
4.220000	0.597013	0.010529
4.230000	0.504318	0.008894
4.240000	0.409846	0.007228
4.250000	0.309689	0.005462
4.260000	0.210407	0.003711
4.270000	0.105417	0.001859
4.280000	-0.000177	-3.117848E-6
4.290000	-0.109424	-0.001930
4.300000	-0.222745	-0.003928
4.310000	-0.343120	-0.006051
4.320000	-0.465936	-0.008218
4.330000	-0.587444	-0.010361
4.340000	-0.717424	-0.012653
4.350000	-0.846281	-0.014926
4.360000	-0.981465	-0.017310
4.370000	-1.122960	-0.019805
4.380000	-1.263560	-0.022285
4.390000	-1.409540	-0.024860
