-0.100000	0.611115	0.010778
-0.090000	0.610404	0.010766
-0.080000	0.610550	0.010768
-0.070000	0.611121	0.010778
-0.060000	0.609853	0.010756
-0.050000	0.610173	0.010761
-0.040000	0.609803	0.010755
-0.030000	0.608388	0.010730
-0.020000	0.609438	0.010748
-0.010000	0.609152	0.010743
0.000000	0.609057	0.010742
0.010000	0.608751	0.010736
0.020000	0.609015	0.010741
0.030000	0.608881	0.010739
0.040000	0.608490	0.010732
0.050000	0.608316	0.010729
0.060000	0.608439	0.010731
0.070000	0.608102	0.010725
0.080000	0.608275	0.010728
0.090000	0.608038	0.010724
0.100000	0.607350	0.010712
0.110000	0.607962	0.010722
0.120000	0.606985	0.010705
0.130000	0.607379	0.010712
0.140000	0.608402	0.010730
0.150000	0.607228	0.010709
0.160000	0.607469	0.010714
0.170000	0.606706	0.010700
0.180000	0.606342	0.010694
0.190000	0.605203	0.010674
0.200000	0.606439	0.010696
0.210000	0.605539	0.010680
0.220000	0.605638	0.010681
0.230000	0.605417	0.010678
0.240000	0.605666	0.010682
0.250000	0.604727	0.010665
0.260000	0.605285	0.010675
0.270000	0.606153	0.010691
0.280000	0.606226	0.010692
0.290000	0.605353	0.010676
0.300000	0.605442	0.010678
0.310000	0.605245	0.010675
0.320000	0.604799	0.010667
0.330000	0.604562	0.010662
0.340000	0.605858	0.010685
0.350000	0.605462	0.010678
0.360000	0.606476	0.010696
0.370000	0.605539	0.010680
0.380000	0.605385	0.010677
0.390000	0.604123	0.010655
0.400000	0.603548	0.010645
0.410000	0.603491	0.010644
0.420000	0.603737	0.010648
0.430000	0.603741	0.010648
0.440000	0.604021	0.010653
0.450000	0.602965	0.010634
0.460000	0.603141	0.010637
0.470000	0.602528	0.010627
0.480000	0.602352	0.010623
0.490000	0.601566	0.010610
0.500000	0.601767	0.010613
0.510000	0.601259	0.010604
0.520000	0.601797	0.010614
0.530000	0.600933	0.010598
0.540000	0.601253	0.010604
0.550000	0.600075	0.010583
0.560000	0.600109	0.010584
0.570000	0.601417	0.010607
0.580000	0.599707	0.010577
0.590000	0.600224	0.010586
0.600000	0.599932	0.010581
0.610000	0.599142	0.010567
0.620000	0.599139	0.010567
0.630000	0.598701	0.010559
0.640000	0.598066	0.010548
0.650000	0.598832	0.010561
0.660000	0.598898	0.010563
0.670000	0.597977	0.010546
0.680000	0.598425	0.010554
0.690000	0.598026	0.010547
0.700000	0.597792	0.010543
0.710000	0.597558	0.010539
0.720000	0.596323	0.010517
0.730000	0.597125	0.010531
0.740000	0.597469	0.010537
0.750000	0.597352	0.010535
0.760000	0.597325	0.010535
0.770000	0.596945	0.010528
0.780000	0.596666	0.010523
0.790000	0.596112	0.010513
0.800000	0.596421	0.010519
0.810000	0.595564	0.010504
0.820000	0.595222	0.010498
0.830000	0.595200	0.010497
0.840000	0.594892	0.010492
0.850000	0.595007	0.010494
0.860000	0.595005	0.010494
0.870000	0.594785	0.010490
0.880000	0.593851	0.010474
0.890000	0.594112	0.010478
0.900000	0.594297	0.010481
0.910000	0.593868	0.010474
0.920000	0.593413	0.010466
0.930000	0.594290	0.010481
0.940000	0.594398	0.010483
0.950000	0.592953	0.010458
0.960000	0.593116	0.010461
0.970000	0.593762	0.010472
0.980000	0.593080	0.010460
0.990000	0.592997	0.010459
1.000000	0.592815	0.010455
1.010000	0.593012	0.010459
1.020000	0.593459	0.010467
1.030000	0.593405	0.010466
1.040000	0.592638	0.010452
1.050000	0.592828	0.010456
1.060000	0.593068	0.010460
1.070000	0.592060	0.010442
1.080000	0.593145	0.010461
1.090000	0.592394	0.010448
1.100000	0.591426	0.010431
1.110000	0.591713	0.010436
1.120000	0.591495	0.010432
1.130000	0.590615	0.010416
1.140000	0.591107	0.010425
1.150000	0.591511	0.010432
1.160000	0.590737	0.010419
1.170000	0.590390	0.010413
1.180000	0.590159	0.010408
1.190000	0.590251	0.010410
1.200000	0.591169	0.010426
1.210000	0.590623	0.010417
1.220000	0.590382	0.010412
1.230000	0.590593	0.010416
1.240000	0.589181	0.010391
1.250000	0.589006	0.010388
1.260000	0.589154	0.010391
1.270000	0.589432	0.010396
1.280000	0.589283	0.010393
1.290000	0.588814	0.010385
1.300000	0.588094	0.010372
1.310000	0.587558	0.010363
1.320000	0.587785	0.010367
1.330000	0.588374	0.010377
1.340000	0.587815	0.010367
1.350000	0.588068	0.010372
1.360000	0.586902	0.010351
1.370000	0.586579	0.010345
1.380000	0.586459	0.010343
1.390000	0.586418	0.010342
1.400000	0.586169	0.010338
1.410000	0.586846	0.010350
1.420000	0.585790	0.010331
1.430000	0.585364	0.010324
1.440000	0.584879	0.010315
1.450000	0.585335	0.010323
1.460000	0.584552	0.010310
1.470000	0.583587	0.010293
1.480000	0.584276	0.010305
1.490000	0.584902	0.010316
1.500000	0.583759	0.010296
1.510000	0.584356	0.010306
1.520000	0.583261	0.010287
1.530000	0.583706	0.010295
1.540000	0.583171	0.010285
1.550000	0.582939	0.010281
1.560000	0.583725	0.010295
1.570000	0.582862	0.010280
1.580000	0.583784	0.010296
1.590000	0.582907	0.010281
1.600000	0.582016	0.010265
1.610000	0.583010	0.010282
1.620000	0.582034	0.010265
1.630000	0.582058	0.010266
1.640000	0.580896	0.010245
1.650000	0.582388	0.010271
1.660000	0.582121	0.010267
1.670000	0.581468	0.010255
1.680000	0.581589	0.010257
1.690000	0.581532	0.010256
1.700000	0.580953	0.010246
1.710000	0.581118	0.010249
1.720000	0.580568	0.010239
1.730000	0.580282	0.010234
1.740000	0.581293	0.010252
1.750000	0.580880	0.010245
1.760000	0.580742	0.010242
1.770000	0.579680	0.010224
1.780000	0.580105	0.010231
1.790000	0.580105	0.010231
1.800000	0.580947	0.010246
1.810000	0.579516	0.010221
1.820000	0.579672	0.010223
1.830000	0.578453	0.010202
1.840000	0.578817	0.010208
1.850000	0.578806	0.010208
1.860000	0.578363	0.010200
1.870000	0.578206	0.010198
1.880000	0.578164	0.010197
1.890000	0.577768	0.010190
1.900000	0.577460	0.010184
1.910000	0.577072	0.010178
1.920000	0.577084	0.010178
1.930000	0.575929	0.010157
1.940000	0.576525	0.010168
1.950000	0.575561	0.010151
1.960000	0.575837	0.010156
1.970000	0.575960	0.010158
1.980000	0.576179	0.010162
1.990000	0.575714	0.010154
2.000000	0.575550	0.010151
2.010000	0.574524	0.010133
2.020000	0.573837	0.010121
2.030000	0.574045	0.010124
2.040000	0.573720	0.010119
2.050000	0.573937	0.010122
2.060000	0.574033	0.010124
2.070000	0.572507	0.010097
2.080000	0.571954	0.010087
2.090000	0.572184	0.010091
2.100000	0.572339	0.010094
2.110000	0.572178	0.010091
2.120000	0.572580	0.010098
2.130000	0.572732	0.010101
2.140000	0.571716	0.010083
2.150000	0.571914	0.010087
2.160000	0.570579	0.010063
2.170000	0.571041	0.010071
2.180000	0.571122	0.010073
2.190000	0.572049	0.010089
2.200000	0.571358	0.010077
2.210000	0.570819	0.010067
2.220000	0.570884	0.010069
2.230000	0.570862	0.010068
2.240000	0.570962	0.010070
2.250000	0.571553	0.010080
2.260000	0.570941	0.010070
2.270000	0.571975	0.010088
2.280000	0.571476	0.010079
2.290000	0.571031	0.010071
2.300000	0.571482	0.010079
2.310000	0.570516	0.010062
2.320000	0.570261	0.010058
2.330000	0.570616	0.010064
2.340000	0.571075	0.010072
2.350000	0.570605	0.010064
2.360000	0.571005	0.010071
2.370000	0.572032	0.010089
2.380000	0.569907	0.010051
2.390000	0.570170	0.010056
2.400000	0.570420	0.010060
2.410000	0.570525	0.010062
2.420000	0.569783	0.010049
2.430000	0.570215	0.010057
2.440000	0.570162	0.010056
2.450000	0.570846	0.010068
2.460000	0.570131	0.010055
2.470000	0.569022	0.010036
2.480000	0.568553	0.010027
2.490000	0.568802	0.010032
2.500000	0.568562	0.010028
2.510000	0.568309	0.010023
2.520000	0.568390	0.010025
2.530000	0.567374	0.010007
2.540000	0.567223	0.010004
2.550000	0.566792	0.009996
2.560000	0.566916	0.009999
2.570000	0.566235	0.009987
2.580000	0.566421	0.009990
2.590000	0.565120	0.009967
2.600000	0.565594	0.009975
2.610000	0.565509	0.009974
2.620000	0.564667	0.009959
2.630000	0.564897	0.009963
2.640000	0.564559	0.009957
2.650000	0.563418	0.009937
2.660000	0.564918	0.009963
2.670000	0.563074	0.009931
2.680000	0.563963	0.009946
2.690000	0.563258	0.009934
2.700000	0.562217	0.009916
2.710000	0.562742	0.009925
2.720000	0.560846	0.009891
2.730000	0.559964	0.009876
2.740000	0.560165	0.009879
2.750000	0.559584	0.009869
2.760000	0.559798	0.009873
2.770000	0.558911	0.009857
2.780000	0.558467	0.009850
2.790000	0.558075	0.009843
2.800000	0.558150	0.009844
2.810000	0.556899	0.009822
2.820000	0.556353	0.009812
2.830000	0.555530	0.009798
2.840000	0.554825	0.009785
2.850000	0.555023	0.009789
2.860000	0.553571	0.009763
2.870000	0.553066	0.009754
2.880000	0.551428	0.009725
2.890000	0.551253	0.009722
2.900000	0.550894	0.009716
2.910000	0.550646	0.009712
2.920000	0.548938	0.009681
2.930000	0.548811	0.009679
2.940000	0.548057	0.009666
2.950000	0.546149	0.009632
2.960000	0.544810	0.009609
2.970000	0.543836	0.009591
2.980000	0.543245	0.009581
2.990000	0.542039	0.009560
3.000000	0.540984	0.009541
3.010000	0.539673	0.009518
3.020000	0.538103	0.009490
3.030000	0.537481	0.009479
3.040000	0.535857	0.009451
3.050000	0.535245	0.009440
3.060000	0.533044	0.009401
3.070000	0.532686	0.009395
3.080000	0.531318	0.009371
3.090000	0.529050	0.009331
3.100000	0.528007	0.009312
3.110000	0.526085	0.009278
3.120000	0.524929	0.009258
3.130000	0.522868	0.009222
3.140000	0.520898	0.009187
3.150000	0.519611	0.009164
3.160000	0.517430	0.009126
3.170000	0.514820	0.009080
3.180000	0.513671	0.009059
3.190000	0.512451	0.009038
3.200000	0.509378	0.008984
3.210000	0.507531	0.008951
3.220000	0.505398	0.008914
3.230000	0.502259	0.008858
3.240000	0.499821	0.008815
3.250000	0.496955	0.008765
3.260000	0.494786	0.008726
3.270000	0.493443	0.008703
3.280000	0.490078	0.008643
3.290000	0.485839	0.008569
3.300000	0.483706	0.008531
3.310000	0.480075	0.008467
3.320000	0.476187	0.008398
3.330000	0.474053	0.008361
3.340000	0.469965	0.008289
3.350000	0.467743	0.008249
3.360000	0.463969	0.008183
3.370000	0.460177	0.008116
3.380000	0.455865	0.008040
3.390000	0.451843	0.007969
3.400000	0.446820	0.007880
3.410000	0.442770	0.007809
3.420000	0.437603	0.007718
3.430000	0.433341	0.007643
3.440000	0.429142	0.007569
3.450000	0.423677	0.007472
3.460000	0.417624	0.007366
3.470000	0.412110	0.007268
3.480000	0.406717	0.007173
3.490000	0.400853	0.007070
3.500000	0.394016	0.006949
3.510000	0.388996	0.006861
3.520000	0.382538	0.006747
3.530000	0.376232	0.006635
3.540000	0.368484	0.006499
3.550000	0.361283	0.006372
3.560000	0.353875	0.006241
3.570000	0.347378	0.006127
3.580000	0.339350	0.005985
3.590000	0.331005	0.005838
3.600000	0.321722	0.005674
3.610000	0.312326	0.005508
3.620000	0.304929	0.005378
3.630000	0.295131	0.005205
3.640000	0.284493	0.005018
3.650000	0.274762	0.004846
3.660000	0.263777	0.004652
3.670000	0.253509	0.004471
3.680000	0.241445	0.004258
3.690000	0.230106	0.004058
3.700000	0.217683	0.003839
3.710000	0.206374	0.003640
3.720000	0.192314	0.003392
3.730000	0.179461	0.003165
3.740000	0.164874	0.002908
3.750000	0.150118	0.002648
3.760000	0.135540	0.002390
3.770000	0.119700	0.002111
3.780000	0.104151	0.001837
3.790000	0.088295	0.001557
3.800000	0.070373	0.001241
3.810000	0.050816	0.000896
3.820000	0.033342	0.000588
3.830000	0.012956	0.000229
3.840000	-0.006114	-0.000108
3.850000	-0.026727	-0.000471
3.860000	-0.048417	-0.000854
3.870000	-0.069970	-0.001234
3.880000	-0.093545	-0.001650
3.890000	-0.118426	-0.002089
3.900000	-0.142371	-0.002511
3.910000	-0.167979	-0.002963
3.920000	-0.195838	-0.003454
3.930000	-0.222626	-0.003926
3.940000	-0.251164	-0.004430
