-0.100000	0.062021	0.001094
-0.090000	0.061931	0.001092
-0.080000	0.061881	0.001091
-0.070000	0.061763	0.001089
-0.060000	0.061666	0.001088
-0.050000	0.061581	0.001086
-0.040000	0.061470	0.001084
-0.030000	0.061445	0.001084
-0.020000	0.061386	0.001083
-0.010000	0.061274	0.001081
0.000000	0.061198	0.001079
0.010000	0.061096	0.001078
0.020000	0.061015	0.001076
0.030000	0.060911	0.001074
0.040000	0.060764	0.001072
0.050000	0.060608	0.001069
0.060000	0.060508	0.001067
0.070000	0.060437	0.001066
0.080000	0.060316	0.001064
0.090000	0.060226	0.001062
0.100000	0.060092	0.001060
0.110000	0.060005	0.001058
0.120000	0.059865	0.001056
0.130000	0.059755	0.001054
0.140000	0.059646	0.001052
0.150000	0.059538	0.001050
0.160000	0.059357	0.001047
0.170000	0.059208	0.001044
0.180000	0.059123	0.001043
0.190000	0.059009	0.001041
0.200000	0.058873	0.001038
0.210000	0.058714	0.001036
0.220000	0.058608	0.001034
0.230000	0.058536	0.001032
0.240000	0.058465	0.001031
0.250000	0.058270	0.001028
0.260000	0.058169	0.001026
0.270000	0.058023	0.001023
0.280000	0.057940	0.001022
0.290000	0.057834	0.001020
0.300000	0.057715	0.001018
0.310000	0.057617	0.001016
0.320000	0.057456	0.001013
0.330000	0.057376	0.001012
0.340000	0.057278	0.001010
0.350000	0.057122	0.001007
0.360000	0.056982	0.001005
0.370000	0.056874	0.001003
0.380000	0.056810	0.001002
0.390000	0.056632	0.000999
0.400000	0.056476	0.000996
0.410000	0.056325	0.000993
0.420000	0.056131	0.000990
0.430000	0.055986	0.000987
0.440000	0.055931	0.000986
0.450000	0.055805	0.000984
0.460000	0.055650	0.000981
0.470000	0.055584	0.000980
0.480000	0.055509	0.000979
0.490000	0.055394	0.000977
0.500000	0.055241	0.000974
0.510000	0.055094	0.000972
0.520000	0.055003	0.000970
0.530000	0.054888	0.000968
0.540000	0.054691	0.000965
0.550000	0.054586	0.000963
0.560000	0.054502	0.000961
0.570000	0.054351	0.000959
0.580000	0.054265	0.000957
0.590000	0.054192	0.000956
0.600000	0.054095	0.000954
0.610000	0.053931	0.000951
0.620000	0.053859	0.000950
0.630000	0.053732	0.000948
0.640000	0.053638	0.000946
0.650000	0.053590	0.000945
0.660000	0.053510	0.000944
0.670000	0.053366	0.000941
0.680000	0.053249	0.000939
0.690000	0.053177	0.000938
0.700000	0.053086	0.000936
0.710000	0.053072	0.000936
0.720000	0.053001	0.000935
0.730000	0.052877	0.000933
0.740000	0.052830	0.000932
0.750000	0.052803	0.000931
0.760000	0.052753	0.000930
0.770000	0.052737	0.000930
0.780000	0.052681	0.000929
0.790000	0.052617	0.000928
0.800000	0.052576	0.000927
0.810000	0.052539	0.000927
0.820000	0.052523	0.000926
0.830000	0.052483	0.000926
0.840000	0.052445	0.000925
0.850000	0.052415	0.000924
0.860000	0.052405	0.000924
0.870000	0.052335	0.000923
0.880000	0.052325	0.000923
0.890000	0.052261	0.000922
0.900000	0.052178	0.000920
0.910000	0.052087	0.000919
0.920000	0.052038	0.000918
0.930000	0.052040	0.000918
0.940000	0.051991	0.000917
0.950000	0.051966	0.000917
0.960000	0.051973	0.000917
0.970000	0.051887	0.000915
0.980000	0.051847	0.000914
0.990000	0.051811	0.000914
1.000000	0.051769	0.000913
1.010000	0.051740	0.000913
1.020000	0.051688	0.000912
1.030000	0.051632	0.000911
1.040000	0.051561	0.000909
1.050000	0.051501	0.000908
1.060000	0.051451	0.000907
1.070000	0.051373	0.000906
1.080000	0.051261	0.000904
1.090000	0.051232	0.000904
1.100000	0.051175	0.000903
1.110000	0.051084	0.000901
1.120000	0.050991	0.000899
1.130000	0.050920	0.000898
1.140000	0.050853	0.000897
1.150000	0.050796	0.000896
1.160000	0.050703	0.000894
1.170000	0.050568	0.000892
1.180000	0.050471	0.000890
1.190000	0.050350	0.000888
1.200000	0.050272	0.000887
1.210000	0.050121	0.000884
1.220000	0.050006	0.000882
1.230000	0.049939	0.000881
1.240000	0.049862	0.000879
1.250000	0.049739	0.000877
1.260000	0.049568	0.000874
1.270000	0.049397	0.000871
1.280000	0.049299	0.000869
1.290000	0.049211	0.000868
1.300000	0.049104	0.000866
1.310000	0.048931	0.000863
1.320000	0.048830	0.000861
1.330000	0.048728	0.000859
1.340000	0.048596	0.000857
1.350000	0.048440	0.000854
1.360000	0.048293	0.000852
1.370000	0.048171	0.000850
1.380000	0.048029	0.000847
1.390000	0.047944	0.000846
1.400000	0.047852	0.000844
1.410000	0.047719	0.000842
1.420000	0.047572	0.000839
1.430000	0.047503	0.000838
1.440000	0.047413	0.000836
1.450000	0.047366	0.000835
1.460000	0.047290	0.000834
1.470000	0.047200	0.000832
1.480000	0.047135	0.000831
1.490000	0.047009	0.000829
1.500000	0.046895	0.000827
1.510000	0.046840	0.000826
1.520000	0.046777	0.000825
1.530000	0.046759	0.000825
1.540000	0.046723	0.000824
1.550000	0.046674	0.000823
1.560000	0.046628	0.000822
1.570000	0.046593	0.000822
1.580000	0.046491	0.000820
1.590000	0.046468	0.000820
1.600000	0.046410	0.000819
1.610000	0.046375	0.000818
1.620000	0.046327	0.000817
1.630000	0.046324	0.000817
1.640000	0.046312	0.000817
1.650000	0.046242	0.000816
1.660000	0.046169	0.000814
1.670000	0.046115	0.000813
1.680000	0.046089	0.000813
1.690000	0.046048	0.000812
1.700000	0.046009	0.000811
1.710000	0.045958	0.000811
1.720000	0.045957	0.000811
1.730000	0.045941	0.000810
1.740000	0.045912	0.000810
1.750000	0.045878	0.000809
1.760000	0.045794	0.000808
1.770000	0.045755	0.000807
1.780000	0.045686	0.000806
1.790000	0.045644	0.000805
1.800000	0.045598	0.000804
1.810000	0.045557	0.000803
1.820000	0.045520	0.000803
1.830000	0.045493	0.000802
1.840000	0.045472	0.000802
1.850000	0.045480	0.000802
1.860000	0.045448	0.000802
1.870000	0.045378	0.000800
1.880000	0.045288	0.000799
1.890000	0.045259	0.000798
1.900000	0.045212	0.000797
1.910000	0.045180	0.000797
1.920000	0.045093	0.000795
1.930000	0.045012	0.000794
1.940000	0.045004	0.000794
1.950000	0.045013	0.000794
1.960000	0.044945	0.000793
1.970000	0.044891	0.000792
1.980000	0.044796	0.000790
1.990000	0.044806	0.000790
2.000000	0.044720	0.000789
2.010000	0.044609	0.000787
2.020000	0.044540	0.000786
2.030000	0.044486	0.000785
2.040000	0.044379	0.000783
2.050000	0.044317	0.000782
2.060000	0.044291	0.000781
2.070000	0.044215	0.000780
2.080000	0.044131	0.000778
2.090000	0.044045	0.000777
2.100000	0.043947	0.000775
2.110000	0.043886	0.000774
2.120000	0.043745	0.000772
2.130000	0.043650	0.000770
2.140000	0.043542	0.000768
2.150000	0.043387	0.000765
2.160000	0.043264	0.000763
2.170000	0.043142	0.000761
2.180000	0.043041	0.000759
2.190000	0.042921	0.000757
2.200000	0.042819	0.000755
2.210000	0.042635	0.000752
2.220000	0.042466	0.000749
2.230000	0.042245	0.000745
2.240000	0.042090	0.000742
2.250000	0.041889	0.000739
2.260000	0.041723	0.000736
2.270000	0.041540	0.000733
2.280000	0.041338	0.000729
2.290000	0.041151	0.000726
2.300000	0.040946	0.000722
2.310000	0.040752	0.000719
2.320000	0.040548	0.000715
2.330000	0.040301	0.000711
2.340000	0.040162	0.000708
2.350000	0.039966	0.000705
2.360000	0.039713	0.000700
2.370000	0.039468	0.000696
2.380000	0.039174	0.000691
2.390000	0.038951	0.000687
2.400000	0.038739	0.000683
2.410000	0.038480	0.000679
2.420000	0.038198	0.000674
2.430000	0.037926	0.000669
2.440000	0.037661	0.000664
2.450000	0.037361	0.000659
2.460000	0.037116	0.000655
2.470000	0.036766	0.000648
2.480000	0.036497	0.000644
2.490000	0.036217	0.000639
2.500000	0.035971	0.000634
2.510000	0.035682	0.000629
2.520000	0.035412	0.000625
2.530000	0.035096	0.000619
2.540000	0.034758	0.000613
2.550000	0.034421	0.000607
2.560000	0.034133	0.000602
2.570000	0.033815	0.000596
2.580000	0.033494	0.000591
2.590000	0.033139	0.000584
2.600000	0.032800	0.000578
2.610000	0.032494	0.000573
2.620000	0.032119	0.000566
2.630000	0.031748	0.000560
2.640000	0.031430	0.000554
2.650000	0.031073	0.000548
2.660000	0.030741	0.000542
2.670000	0.030352	0.000535
2.680000	0.029947	0.000528
2.690000	0.029539	0.000521
2.700000	0.029134	0.000514
2.710000	0.028768	0.000507
2.720000	0.028411	0.000501
2.730000	0.028005	0.000494
2.740000	0.027602	0.000487
2.750000	0.027210	0.000480
2.760000	0.026830	0.000473
2.770000	0.026442	0.000466
2.780000	0.025985	0.000458
2.790000	0.025541	0.000450
2.800000	0.025121	0.000443
2.810000	0.024690	0.000435
2.820000	0.024266	0.000428
2.830000	0.023836	0.000420
2.840000	0.023373	0.000412
2.850000	0.022886	0.000404
2.860000	0.022435	0.000396
2.870000	0.021964	0.000387
2.880000	0.021482	0.000379
2.890000	0.021012	0.000371
2.900000	0.020579	0.000363
2.910000	0.020116	0.000355
2.920000	0.019609	0.000346
2.930000	0.019134	0.000337
2.940000	0.018640	0.000329
2.950000	0.018156	0.000320
2.960000	0.017636	0.000311
2.970000	0.017154	0.000303
2.980000	0.016636	0.000293
2.990000	0.016133	0.000285
3.000000	0.015617	0.000275
3.010000	0.015102	0.000266
3.020000	0.014578	0.000257
3.030000	0.014073	0.000248
3.040000	0.013537	0.000239
3.050000	0.013010	0.000229
3.060000	0.012493	0.000220
3.070000	0.011956	0.000211
3.080000	0.011390	0.000201
3.090000	0.010834	0.000191
3.100000	0.010264	0.000181
3.110000	0.009691	0.000171
3.120000	0.009126	0.000161
3.130000	0.008565	0.000151
3.140000	0.007985	0.000141
3.150000	0.007466	0.000132
3.160000	0.006855	0.000121
3.170000	0.006259	0.000110
3.180000	0.005664	9.989647E-5
3.190000	0.005093	8.981517E-5
3.200000	0.004503	7.941711E-5
3.210000	0.003903	6.883474E-5
3.220000	0.003294	5.809735E-5
3.230000	0.002686	4.737654E-5
3.240000	0.002054	3.623298E-5
3.250000	0.001431	2.523668E-5
3.260000	0.000813	1.433586E-5
