-0.100000	0.157826	0.002784
-0.090000	0.157430	0.002777
-0.080000	0.156914	0.002767
-0.070000	0.156441	0.002759
-0.060000	0.156411	0.002759
-0.050000	0.156212	0.002755
-0.040000	0.156085	0.002753
-0.030000	0.155870	0.002749
-0.020000	0.155624	0.002745
-0.010000	0.155559	0.002744
0.000000	0.155573	0.002744
0.010000	0.155258	0.002738
0.020000	0.155088	0.002735
0.030000	0.154896	0.002732
0.040000	0.154558	0.002726
0.050000	0.154391	0.002723
0.060000	0.154229	0.002720
0.070000	0.154059	0.002717
0.080000	0.153943	0.002715
0.090000	0.153633	0.002710
0.100000	0.153503	0.002707
0.110000	0.153302	0.002704
0.120000	0.153232	0.002703
0.130000	0.153302	0.002704
0.140000	0.153054	0.002699
0.150000	0.152944	0.002697
0.160000	0.152611	0.002692
0.170000	0.152492	0.002689
0.180000	0.152129	0.002683
0.190000	0.152140	0.002683
0.200000	0.152229	0.002685
0.210000	0.151914	0.002679
0.220000	0.151731	0.002676
0.230000	0.151341	0.002669
0.240000	0.150999	0.002663
0.250000	0.150902	0.002661
0.260000	0.150761	0.002659
0.270000	0.150666	0.002657
0.280000	0.150301	0.002651
0.290000	0.150272	0.002650
0.300000	0.150203	0.002649
0.310000	0.149909	0.002644
0.320000	0.149805	0.002642
0.330000	0.149694	0.002640
0.340000	0.149676	0.002640
0.350000	0.149346	0.002634
0.360000	0.149027	0.002628
0.370000	0.148650	0.002622
0.380000	0.148385	0.002617
0.390000	0.148569	0.002620
0.400000	0.148348	0.002616
0.410000	0.148040	0.002611
0.420000	0.147716	0.002605
0.430000	0.147478	0.002601
0.440000	0.147197	0.002596
0.450000	0.146842	0.002590
0.460000	0.147075	0.002594
0.470000	0.146757	0.002588
0.480000	0.146425	0.002582
0.490000	0.146363	0.002581
0.500000	0.146009	0.002575
0.510000	0.145658	0.002569
0.520000	0.145382	0.002564
0.530000	0.144990	0.002557
0.540000	0.144797	0.002554
0.550000	0.144460	0.002548
0.560000	0.144119	0.002542
0.570000	0.143748	0.002535
0.580000	0.143608	0.002533
0.590000	0.143309	0.002527
0.600000	0.143015	0.002522
0.610000	0.142569	0.002514
0.620000	0.142368	0.002511
0.630000	0.141888	0.002502
0.640000	0.141663	0.002498
0.650000	0.141246	0.002491
0.660000	0.140902	0.002485
0.670000	0.140636	0.002480
0.680000	0.140241	0.002473
0.690000	0.139880	0.002467
0.700000	0.139429	0.002459
0.710000	0.139280	0.002456
0.720000	0.138905	0.002450
0.730000	0.138438	0.002442
0.740000	0.138159	0.002437
0.750000	0.137892	0.002432
0.760000	0.137511	0.002425
0.770000	0.137394	0.002423
0.780000	0.136925	0.002415
0.790000	0.136905	0.002415
0.800000	0.136753	0.002412
0.810000	0.136513	0.002408
0.820000	0.136099	0.002400
0.830000	0.135926	0.002397
0.840000	0.135791	0.002395
0.850000	0.135648	0.002392
0.860000	0.135439	0.002389
0.870000	0.135247	0.002385
0.880000	0.135141	0.002383
0.890000	0.134958	0.002380
0.900000	0.134948	0.002380
0.910000	0.134894	0.002379
0.920000	0.134651	0.002375
0.930000	0.134847	0.002378
0.940000	0.134794	0.002377
0.950000	0.134351	0.002370
0.960000	0.134355	0.002370
0.970000	0.134473	0.002372
0.980000	0.134438	0.002371
0.990000	0.134291	0.002368
1.000000	0.134306	0.002369
1.010000	0.134292	0.002368
1.020000	0.134340	0.002369
1.030000	0.134211	0.002367
1.040000	0.134003	0.002363
1.050000	0.133925	0.002362
1.060000	0.133961	0.002363
1.070000	0.133995	0.002363
1.080000	0.134017	0.002364
1.090000	0.134012	0.002364
1.100000	0.133885	0.002361
1.110000	0.133611	0.002356
1.120000	0.133814	0.002360
1.130000	0.133643	0.002357
1.140000	0.133419	0.002353
1.150000	0.133396	0.002353
1.160000	0.133077	0.002347
1.170000	0.132982	0.002345
1.180000	0.132824	0.002343
1.190000	0.132804	0.002342
1.200000	0.132682	0.002340
1.210000	0.132595	0.002339
1.220000	0.132427	0.002336
1.230000	0.132291	0.002333
1.240000	0.132146	0.002331
1.250000	0.132158	0.002331
1.260000	0.131750	0.002324
1.270000	0.131680	0.002322
1.280000	0.131353	0.002317
1.290000	0.131259	0.002315
1.300000	0.131049	0.002311
1.310000	0.130693	0.002305
1.320000	0.130555	0.002303
1.330000	0.130355	0.002299
1.340000	0.130051	0.002294
1.350000	0.129536	0.002285
1.360000	0.129298	0.002280
1.370000	0.128981	0.002275
1.380000	0.128737	0.002270
1.390000	0.128659	0.002269
1.400000	0.128317	0.002263
1.410000	0.127995	0.002257
1.420000	0.127748	0.002253
1.430000	0.127456	0.002248
1.440000	0.127144	0.002242
1.450000	0.126677	0.002234
1.460000	0.126554	0.002232
1.470000	0.126073	0.002224
1.480000	0.125886	0.002220
1.490000	0.125494	0.002213
1.500000	0.125196	0.002208
1.510000	0.124686	0.002199
1.520000	0.124391	0.002194
1.530000	0.124144	0.002189
1.540000	0.123696	0.002182
1.550000	0.123267	0.002174
1.560000	0.122866	0.002167
1.570000	0.122636	0.002163
1.580000	0.122039	0.002152
1.590000	0.121727	0.002147
1.600000	0.121379	0.002141
1.610000	0.121105	0.002136
1.620000	0.120957	0.002133
1.630000	0.120613	0.002127
1.640000	0.120343	0.002122
1.650000	0.120029	0.002117
1.660000	0.119809	0.002113
1.670000	0.119525	0.002108
1.680000	0.119354	0.002105
1.690000	0.119119	0.002101
1.700000	0.118786	0.002095
1.710000	0.118484	0.002090
1.720000	0.118333	0.002087
1.730000	0.117986	0.002081
1.740000	0.117675	0.002075
1.750000	0.117624	0.002074
1.760000	0.117215	0.002067
1.770000	0.116895	0.002062
1.780000	0.116633	0.002057
1.790000	0.116421	0.002053
1.800000	0.116012	0.002046
1.810000	0.115907	0.002044
1.820000	0.115479	0.002037
1.830000	0.115322	0.002034
1.840000	0.115011	0.002028
1.850000	0.114645	0.002022
1.860000	0.114205	0.002014
1.870000	0.113979	0.002010
1.880000	0.113493	0.002002
1.890000	0.113344	0.001999
1.900000	0.113259	0.001998
1.910000	0.112581	0.001986
1.920000	0.112186	0.001979
1.930000	0.111905	0.001974
1.940000	0.111432	0.001965
1.950000	0.110919	0.001956
1.960000	0.110797	0.001954
1.970000	0.110373	0.001947
1.980000	0.110000	0.001940
1.990000	0.109658	0.001934
2.000000	0.109276	0.001927
2.010000	0.108499	0.001914
2.020000	0.108294	0.001910
2.030000	0.107714	0.001900
2.040000	0.107228	0.001891
2.050000	0.106811	0.001884
2.060000	0.106263	0.001874
2.070000	0.105686	0.001864
2.080000	0.105344	0.001858
2.090000	0.104901	0.001850
2.100000	0.104491	0.001843
2.110000	0.103943	0.001833
2.120000	0.103303	0.001822
2.130000	0.102922	0.001815
2.140000	0.102164	0.001802
2.150000	0.101705	0.001794
2.160000	0.101195	0.001785
2.170000	0.100689	0.001776
2.180000	0.100069	0.001765
2.190000	0.099489	0.001755
2.200000	0.099083	0.001747
2.210000	0.098345	0.001734
2.220000	0.097656	0.001722
2.230000	0.096951	0.001710
2.240000	0.096412	0.001700
2.250000	0.095758	0.001689
2.260000	0.095147	0.001678
2.270000	0.094436	0.001666
2.280000	0.093817	0.001655
2.290000	0.093285	0.001645
2.300000	0.092582	0.001633
2.310000	0.092070	0.001624
2.320000	0.091158	0.001608
2.330000	0.090689	0.001599
2.340000	0.089958	0.001587
2.350000	0.089272	0.001574
2.360000	0.088512	0.001561
2.370000	0.088022	0.001552
2.380000	0.087266	0.001539
2.390000	0.086586	0.001527
2.400000	0.085810	0.001513
2.410000	0.085005	0.001499
2.420000	0.084262	0.001486
2.430000	0.083624	0.001475
2.440000	0.082915	0.001462
2.450000	0.082176	0.001449
2.460000	0.081692	0.001441
2.470000	0.080780	0.001425
2.480000	0.080085	0.001412
2.490000	0.079352	0.001400
2.500000	0.078589	0.001386
2.510000	0.077764	0.001372
2.520000	0.076979	0.001358
2.530000	0.076277	0.001345
2.540000	0.075508	0.001332
2.550000	0.074841	0.001320
2.560000	0.074019	0.001305
2.570000	0.073256	0.001292
2.580000	0.072430	0.001277
2.590000	0.071702	0.001265
2.600000	0.070973	0.001252
2.610000	0.070213	0.001238
2.620000	0.069488	0.001226
2.630000	0.068586	0.001210
2.640000	0.067918	0.001198
2.650000	0.067036	0.001182
2.660000	0.066403	0.001171
2.670000	0.065541	0.001156
2.680000	0.064809	0.001143
2.690000	0.063959	0.001128
2.700000	0.063178	0.001114
2.710000	0.062490	0.001102
2.720000	0.061605	0.001087
2.730000	0.060820	0.001073
2.740000	0.060099	0.001060
2.750000	0.059234	0.001045
2.760000	0.058427	0.001030
2.770000	0.057697	0.001018
2.780000	0.056938	0.001004
2.790000	0.056054	0.000989
2.800000	0.055284	0.000975
2.810000	0.054432	0.000960
2.820000	0.053722	0.000947
2.830000	0.052912	0.000933
2.840000	0.052237	0.000921
2.850000	0.051410	0.000907
2.860000	0.050608	0.000893
2.870000	0.049876	0.000880
2.880000	0.049023	0.000865
2.890000	0.048232	0.000851
2.900000	0.047404	0.000836
2.910000	0.046701	0.000824
2.920000	0.045997	0.000811
2.930000	0.045226	0.000798
2.940000	0.044467	0.000784
2.950000	0.043693	0.000771
2.960000	0.042976	0.000758
2.970000	0.042167	0.000744
2.980000	0.041370	0.000730
2.990000	0.040647	0.000717
3.000000	0.040025	0.000706
3.010000	0.039248	0.000692
3.020000	0.038465	0.000678
3.030000	0.037697	0.000665
3.040000	0.037002	0.000653
3.050000	0.036271	0.000640
3.060000	0.035519	0.000626
3.070000	0.034849	0.000615
3.080000	0.034146	0.000602
3.090000	0.033452	0.000590
3.100000	0.032727	0.000577
3.110000	0.032017	0.000565
3.120000	0.031232	0.000551
3.130000	0.030571	0.000539
3.140000	0.029907	0.000527
3.150000	0.029228	0.000515
3.160000	0.028514	0.000503
3.170000	0.027832	0.000491
3.180000	0.027185	0.000479
3.190000	0.026502	0.000467
3.200000	0.025829	0.000456
3.210000	0.025176	0.000444
3.220000	0.024466	0.000431
3.230000	0.023852	0.000421
3.240000	0.023186	0.000409
3.250000	0.022554	0.000398
3.260000	0.021920	0.000387
3.270000	0.021258	0.000375
3.280000	0.020613	0.000364
3.290000	0.019980	0.000352
3.300000	0.019369	0.000342
3.310000	0.018797	0.000332
3.320000	0.018173	0.000321
3.330000	0.017538	0.000309
3.340000	0.016945	0.000299
3.350000	0.016367	0.000289
3.360000	0.015750	0.000278
3.370000	0.015118	0.000267
3.380000	0.014558	0.000257
3.390000	0.013969	0.000246
3.400000	0.013381	0.000236
3.410000	0.012804	0.000226
3.420000	0.012258	0.000216
3.430000	0.011705	0.000206
3.440000	0.011157	0.000197
3.450000	0.010578	0.000187
3.460000	0.010034	0.000177
3.470000	0.009470	0.000167
3.480000	0.008898	0.000157
3.490000	0.008371	0.000148
3.500000	0.007822	0.000138
3.510000	0.007278	0.000128
3.520000	0.006716	0.000118
3.530000	0.006186	0.000109
3.540000	0.005644	9.953827E-5
3.550000	0.005108	9.008783E-5
3.560000	0.004577	8.071799E-5
3.570000	0.004036	7.117513E-5
3.580000	0.003512	6.193845E-5
3.590000	0.003001	5.292222E-5
3.600000	0.002455	4.329753E-5
3.610000	0.001923	3.391817E-5
3.620000	0.001384	2.441587E-5
3.630000	0.000849	1.496790E-5
3.640000	0.000313	5.513898E-6
3.650000	-0.000212	-3.738131E-6
3.660000	-0.000734	-1.294113E-5
3.670000	-0.001265	-2.231781E-5
3.680000	-0.001807	-3.187584E-5
3.690000	-0.002347	-4.139647E-5
3.700000	-0.002886	-5.089083E-5
