-0.100000	0.254018	0.004480
-0.090000	0.253939	0.004479
-0.080000	0.254078	0.004481
-0.070000	0.253979	0.004479
-0.060000	0.253421	0.004470
-0.050000	0.253193	0.004465
-0.040000	0.253545	0.004472
-0.030000	0.253578	0.004472
-0.020000	0.252552	0.004454
-0.010000	0.252794	0.004458
0.000000	0.252442	0.004452
0.010000	0.252115	0.004446
0.020000	0.251799	0.004441
0.030000	0.251572	0.004437
0.040000	0.251429	0.004434
0.050000	0.251104	0.004429
0.060000	0.250850	0.004424
0.070000	0.250543	0.004419
0.080000	0.250663	0.004421
0.090000	0.249991	0.004409
0.100000	0.249753	0.004405
0.110000	0.249688	0.004404
0.120000	0.249642	0.004403
0.130000	0.249662	0.004403
0.140000	0.249215	0.004395
0.150000	0.249554	0.004401
0.160000	0.248859	0.004389
0.170000	0.248452	0.004382
0.180000	0.248213	0.004378
0.190000	0.247919	0.004372
0.200000	0.247469	0.004365
0.210000	0.247596	0.004367
0.220000	0.247598	0.004367
0.230000	0.247316	0.004362
0.240000	0.247327	0.004362
0.250000	0.247108	0.004358
0.260000	0.246883	0.004354
0.270000	0.246630	0.004350
0.280000	0.246536	0.004348
0.290000	0.246757	0.004352
0.300000	0.246211	0.004342
0.310000	0.245811	0.004335
0.320000	0.245651	0.004332
0.330000	0.245371	0.004328
0.340000	0.244649	0.004315
0.350000	0.244859	0.004319
0.360000	0.244281	0.004308
0.370000	0.244476	0.004312
0.380000	0.244527	0.004313
0.390000	0.243967	0.004303
0.400000	0.243650	0.004297
0.410000	0.243789	0.004300
0.420000	0.243436	0.004293
0.430000	0.243300	0.004291
0.440000	0.242941	0.004285
0.450000	0.242636	0.004279
0.460000	0.242127	0.004270
0.470000	0.241846	0.004265
0.480000	0.241424	0.004258
0.490000	0.241233	0.004255
0.500000	0.241021	0.004251
0.510000	0.240548	0.004242
0.520000	0.240855	0.004248
0.530000	0.240200	0.004236
0.540000	0.240167	0.004236
0.550000	0.239573	0.004225
0.560000	0.238915	0.004214
0.570000	0.238688	0.004210
0.580000	0.238187	0.004201
0.590000	0.237565	0.004190
0.600000	0.237256	0.004184
0.610000	0.236674	0.004174
0.620000	0.236731	0.004175
0.630000	0.236085	0.004164
0.640000	0.235713	0.004157
0.650000	0.235166	0.004148
0.660000	0.234696	0.004139
0.670000	0.234501	0.004136
0.680000	0.233701	0.004122
0.690000	0.233469	0.004118
0.700000	0.233092	0.004111
0.710000	0.232668	0.004103
0.720000	0.232539	0.004101
0.730000	0.231597	0.004085
0.740000	0.231221	0.004078
0.750000	0.230643	0.004068
0.760000	0.227545	0.004013
0.770000	0.228385	0.004028
0.780000	0.228675	0.004033
0.790000	0.227788	0.004017
0.800000	0.227422	0.004011
0.810000	0.226894	0.004002
0.820000	0.226841	0.004001
0.830000	0.226377	0.003993
0.840000	0.225915	0.003984
0.850000	0.224637	0.003962
0.860000	0.222849	0.003930
0.870000	0.222911	0.003931
0.880000	0.222904	0.003931
0.890000	0.222158	0.003918
0.900000	0.221700	0.003910
0.910000	0.222300	0.003921
0.920000	0.221100	0.003899
0.930000	0.221334	0.003904
0.940000	0.220470	0.003888
0.950000	0.220434	0.003888
0.960000	0.219647	0.003874
0.970000	0.219235	0.003867
0.980000	0.219385	0.003869
0.990000	0.218695	0.003857
1.000000	0.217792	0.003841
1.010000	0.218153	0.003847
1.020000	0.218249	0.003849
1.030000	0.218169	0.003848
1.040000	0.217558	0.003837
1.050000	0.217354	0.003833
1.060000	0.217142	0.003830
1.070000	0.217013	0.003827
1.080000	0.216525	0.003819
1.090000	0.216932	0.003826
1.100000	0.216488	0.003818
1.110000	0.216299	0.003815
1.120000	0.215348	0.003798
1.130000	0.215689	0.003804
1.140000	0.216405	0.003817
1.150000	0.215274	0.003797
1.160000	0.216139	0.003812
1.170000	0.216429	0.003817
1.180000	0.216841	0.003824
1.190000	0.216322	0.003815
1.200000	0.216972	0.003827
1.210000	0.215978	0.003809
1.220000	0.215603	0.003803
1.230000	0.215552	0.003802
1.240000	0.215627	0.003803
1.250000	0.215388	0.003799
1.260000	0.215309	0.003797
1.270000	0.215328	0.003798
1.280000	0.215094	0.003794
1.290000	0.214804	0.003788
1.300000	0.214542	0.003784
1.310000	0.214762	0.003788
1.320000	0.214482	0.003783
1.330000	0.214767	0.003788
1.340000	0.214378	0.003781
1.350000	0.214530	0.003784
1.360000	0.214181	0.003777
1.370000	0.214328	0.003780
1.380000	0.213850	0.003772
1.390000	0.213592	0.003767
1.400000	0.213359	0.003763
1.410000	0.213076	0.003758
1.420000	0.212857	0.003754
1.430000	0.213185	0.003760
1.440000	0.212232	0.003743
1.450000	0.212557	0.003749
1.460000	0.212356	0.003745
1.470000	0.212057	0.003740
1.480000	0.211773	0.003735
1.490000	0.211673	0.003733
1.500000	0.211214	0.003725
1.510000	0.210548	0.003713
1.520000	0.210792	0.003718
1.530000	0.210289	0.003709
1.540000	0.209818	0.003700
1.550000	0.209443	0.003694
1.560000	0.209592	0.003697
1.570000	0.208682	0.003680
1.580000	0.207955	0.003668
1.590000	0.208480	0.003677
1.600000	0.208054	0.003669
1.610000	0.207627	0.003662
1.620000	0.206959	0.003650
1.630000	0.206997	0.003651
1.640000	0.206859	0.003648
1.650000	0.206333	0.003639
1.660000	0.206083	0.003635
1.670000	0.205528	0.003625
1.680000	0.204318	0.003603
1.690000	0.204704	0.003610
1.700000	0.204511	0.003607
1.710000	0.203937	0.003597
1.720000	0.203419	0.003588
1.730000	0.203025	0.003581
1.740000	0.202425	0.003570
1.750000	0.201220	0.003549
1.760000	0.201319	0.003551
1.770000	0.200985	0.003545
1.780000	0.201165	0.003548
1.790000	0.200112	0.003529
1.800000	0.200709	0.003540
1.810000	0.200547	0.003537
1.820000	0.200303	0.003533
1.830000	0.199768	0.003523
1.840000	0.199324	0.003515
1.850000	0.199054	0.003511
1.860000	0.198425	0.003500
1.870000	0.198363	0.003498
1.880000	0.197930	0.003491
1.890000	0.197646	0.003486
1.900000	0.197742	0.003488
1.910000	0.196779	0.003471
1.920000	0.196751	0.003470
1.930000	0.196859	0.003472
1.940000	0.196393	0.003464
1.950000	0.196554	0.003467
1.960000	0.196105	0.003459
1.970000	0.195722	0.003452
1.980000	0.196132	0.003459
1.990000	0.195682	0.003451
2.000000	0.195304	0.003445
2.010000	0.195187	0.003442
2.020000	0.195314	0.003445
2.030000	0.195444	0.003447
2.040000	0.195463	0.003447
2.050000	0.195699	0.003451
2.060000	0.195513	0.003448
2.070000	0.195276	0.003444
2.080000	0.195083	0.003441
2.090000	0.195067	0.003440
2.100000	0.194980	0.003439
2.110000	0.194872	0.003437
2.120000	0.195102	0.003441
2.130000	0.194993	0.003439
2.140000	0.194789	0.003435
2.150000	0.194817	0.003436
2.160000	0.194695	0.003434
2.170000	0.195001	0.003439
2.180000	0.194691	0.003434
2.190000	0.194345	0.003428
2.200000	0.194242	0.003426
2.210000	0.194479	0.003430
2.220000	0.194478	0.003430
2.230000	0.194667	0.003433
2.240000	0.194547	0.003431
2.250000	0.194452	0.003429
2.260000	0.194280	0.003426
2.270000	0.193875	0.003419
2.280000	0.193972	0.003421
2.290000	0.194096	0.003423
2.300000	0.193981	0.003421
2.310000	0.193833	0.003419
2.320000	0.193715	0.003416
2.330000	0.194017	0.003422
2.340000	0.193812	0.003418
2.350000	0.194270	0.003426
2.360000	0.193799	0.003418
2.370000	0.193692	0.003416
2.380000	0.193545	0.003413
2.390000	0.193525	0.003413
2.400000	0.194234	0.003426
2.410000	0.193163	0.003407
2.420000	0.193401	0.003411
2.430000	0.193118	0.003406
2.440000	0.193005	0.003404
2.450000	0.193087	0.003405
2.460000	0.193023	0.003404
2.470000	0.193010	0.003404
2.480000	0.192853	0.003401
2.490000	0.193294	0.003409
2.500000	0.192755	0.003400
2.510000	0.192770	0.003400
2.520000	0.192955	0.003403
2.530000	0.192929	0.003403
2.540000	0.192986	0.003404
2.550000	0.192701	0.003399
2.560000	0.192495	0.003395
2.570000	0.192013	0.003386
2.580000	0.191981	0.003386
2.590000	0.191845	0.003384
2.600000	0.191620	0.003380
2.610000	0.191739	0.003382
2.620000	0.191407	0.003376
2.630000	0.190853	0.003366
2.640000	0.190911	0.003367
2.650000	0.191124	0.003371
2.660000	0.190648	0.003362
2.670000	0.190711	0.003364
2.680000	0.190517	0.003360
2.690000	0.189770	0.003347
2.700000	0.189429	0.003341
2.710000	0.189223	0.003337
2.720000	0.188987	0.003333
2.730000	0.188337	0.003322
2.740000	0.188001	0.003316
2.750000	0.187707	0.003311
2.760000	0.187365	0.003304
2.770000	0.186870	0.003296
2.780000	0.186450	0.003288
2.790000	0.186407	0.003288
2.800000	0.185710	0.003275
2.810000	0.185177	0.003266
2.820000	0.184258	0.003250
2.830000	0.183843	0.003242
2.840000	0.182708	0.003222
2.850000	0.182166	0.003213
2.860000	0.181943	0.003209
2.870000	0.181043	0.003193
2.880000	0.180628	0.003186
2.890000	0.179499	0.003166
2.900000	0.179636	0.003168
2.910000	0.178556	0.003149
2.920000	0.177722	0.003134
2.930000	0.176788	0.003118
2.940000	0.176346	0.003110
2.950000	0.175325	0.003092
2.960000	0.174194	0.003072
2.970000	0.173263	0.003056
2.980000	0.172452	0.003041
2.990000	0.171616	0.003027
3.000000	0.170659	0.003010
3.010000	0.169556	0.002990
3.020000	0.168577	0.002973
3.030000	0.167691	0.002958
3.040000	0.166456	0.002936
3.050000	0.165393	0.002917
3.060000	0.164286	0.002897
3.070000	0.163406	0.002882
3.080000	0.162040	0.002858
3.090000	0.160755	0.002835
3.100000	0.159325	0.002810
3.110000	0.158069	0.002788
3.120000	0.156908	0.002767
3.130000	0.155689	0.002746
3.140000	0.154205	0.002720
3.150000	0.152921	0.002697
3.160000	0.151475	0.002672
3.170000	0.150036	0.002646
3.180000	0.148643	0.002622
3.190000	0.147156	0.002595
3.200000	0.145770	0.002571
3.210000	0.144052	0.002541
3.220000	0.142683	0.002516
3.230000	0.141082	0.002488
3.240000	0.139034	0.002452
3.250000	0.137923	0.002433
3.260000	0.135910	0.002397
3.270000	0.133893	0.002361
3.280000	0.131821	0.002325
3.290000	0.130418	0.002300
3.300000	0.128578	0.002268
3.310000	0.127053	0.002241
3.320000	0.125327	0.002210
3.330000	0.123545	0.002179
3.340000	0.121138	0.002136
3.350000	0.119002	0.002099
3.360000	0.116782	0.002060
3.370000	0.115161	0.002031
3.380000	0.112954	0.001992
3.390000	0.110824	0.001955
3.400000	0.108527	0.001914
3.410000	0.105914	0.001868
3.420000	0.104363	0.001841
3.430000	0.101932	0.001798
3.440000	0.099793	0.001760
3.450000	0.097589	0.001721
3.460000	0.095000	0.001675
3.470000	0.083889	0.001480
3.480000	0.078813	0.001390
3.490000	0.078836	0.001390
3.500000	0.076136	0.001343
3.510000	0.074094	0.001307
3.520000	0.077002	0.001358
3.530000	0.072372	0.001276
3.540000	0.067605	0.001192
3.550000	0.067493	0.001190
3.560000	0.064775	0.001142
3.570000	0.061229	0.001080
3.580000	0.050659	0.000893
3.590000	0.015307	0.000270
3.600000	0.008032	0.000142
3.610000	0.008563	0.000151
3.620000	0.008524	0.000150
3.630000	0.008256	0.000146
3.640000	0.007882	0.000139
3.650000	0.007453	0.000131
3.660000	0.006998	0.000123
3.670000	0.006502	0.000115
3.680000	0.006007	0.000106
3.690000	0.005509	9.715538E-5
3.700000	0.004999	8.816737E-5
3.710000	0.004500	7.936561E-5
3.720000	0.003997	7.049383E-5
3.730000	0.003519	6.206772E-5
3.740000	0.003024	5.333280E-5
3.750000	0.002535	4.471323E-5
3.760000	0.002028	3.576596E-5
3.770000	0.001514	2.669594E-5
3.780000	0.001028	1.812698E-5
3.790000	0.000540	9.526173E-6
3.800000	4.112770E-5	7.253563E-7
3.810000	-0.000452	-7.973086E-6
3.820000	-0.000945	-1.666085E-5
3.830000	-0.001441	-2.542152E-5
3.840000	-0.001948	-3.434780E-5
3.850000	-0.002450	-4.321005E-5
3.860000	-0.002946	-5.196631E-5
3.870000	-0.003457	-6.097055E-5
