-0.100000	0.220603	0.003891
-0.090000	0.220827	0.003895
-0.080000	0.221609	0.003908
-0.070000	0.221870	0.003913
-0.060000	0.221451	0.003906
-0.050000	0.221394	0.003905
-0.040000	0.221097	0.003899
-0.030000	0.221079	0.003899
-0.020000	0.220602	0.003891
-0.010000	0.220317	0.003886
0.000000	0.220309	0.003886
0.010000	0.220184	0.003883
0.020000	0.220322	0.003886
0.030000	0.220201	0.003884
0.040000	0.220010	0.003880
0.050000	0.219763	0.003876
0.060000	0.219296	0.003868
0.070000	0.218843	0.003860
0.080000	0.217452	0.003835
0.090000	0.218719	0.003857
0.100000	0.218674	0.003857
0.110000	0.218643	0.003856
0.120000	0.218482	0.003853
0.130000	0.217472	0.003835
0.140000	0.217858	0.003842
0.150000	0.217492	0.003836
0.160000	0.217237	0.003831
0.170000	0.217679	0.003839
0.180000	0.216653	0.003821
0.190000	0.216659	0.003821
0.200000	0.216459	0.003818
0.210000	0.216244	0.003814
0.220000	0.216864	0.003825
0.230000	0.216317	0.003815
0.240000	0.217813	0.003841
0.250000	0.216120	0.003812
0.260000	0.215556	0.003802
0.270000	0.215305	0.003797
0.280000	0.215747	0.003805
0.290000	0.215445	0.003800
0.300000	0.214564	0.003784
0.310000	0.214903	0.003790
0.320000	0.214559	0.003784
0.330000	0.214493	0.003783
0.340000	0.214430	0.003782
0.350000	0.213831	0.003771
0.360000	0.213883	0.003772
0.370000	0.213634	0.003768
0.380000	0.213636	0.003768
0.390000	0.213517	0.003766
0.400000	0.213389	0.003763
0.410000	0.212970	0.003756
0.420000	0.212627	0.003750
0.430000	0.212291	0.003744
0.440000	0.212222	0.003743
0.450000	0.212156	0.003742
0.460000	0.211808	0.003736
0.470000	0.212183	0.003742
0.480000	0.211284	0.003726
0.490000	0.210804	0.003718
0.500000	0.210734	0.003717
0.510000	0.210565	0.003714
0.520000	0.210081	0.003705
0.530000	0.210297	0.003709
0.540000	0.209514	0.003695
0.550000	0.208224	0.003672
0.560000	0.208124	0.003671
0.570000	0.207838	0.003666
0.580000	0.207801	0.003665
0.590000	0.207336	0.003657
0.600000	0.207706	0.003663
0.610000	0.206883	0.003649
0.620000	0.206602	0.003644
0.630000	0.206305	0.003639
0.640000	0.205721	0.003628
0.650000	0.205343	0.003622
0.660000	0.205328	0.003621
0.670000	0.204748	0.003611
0.680000	0.204196	0.003601
0.690000	0.203613	0.003591
0.700000	0.203416	0.003588
0.710000	0.203409	0.003587
0.720000	0.202388	0.003569
0.730000	0.202137	0.003565
0.740000	0.201233	0.003549
0.750000	0.201196	0.003548
0.760000	0.200547	0.003537
0.770000	0.198887	0.003508
0.780000	0.200678	0.003539
0.790000	0.198889	0.003508
0.800000	0.197981	0.003492
0.810000	0.197529	0.003484
0.820000	0.197499	0.003483
0.830000	0.197217	0.003478
0.840000	0.197245	0.003479
0.850000	0.196998	0.003474
0.860000	0.196422	0.003464
0.870000	0.195619	0.003450
0.880000	0.195560	0.003449
0.890000	0.195225	0.003443
0.900000	0.194473	0.003430
0.910000	0.194600	0.003432
0.920000	0.194130	0.003424
0.930000	0.193746	0.003417
0.940000	0.193275	0.003409
0.950000	0.193166	0.003407
0.960000	0.192493	0.003395
0.970000	0.192136	0.003389
0.980000	0.191820	0.003383
0.990000	0.191933	0.003385
1.000000	0.191636	0.003380
1.010000	0.191757	0.003382
1.020000	0.191715	0.003381
1.030000	0.191082	0.003370
1.040000	0.191344	0.003375
1.050000	0.190785	0.003365
1.060000	0.190907	0.003367
1.070000	0.190980	0.003368
1.080000	0.191149	0.003371
1.090000	0.190741	0.003364
1.100000	0.190992	0.003368
1.110000	0.190721	0.003364
1.120000	0.190693	0.003363
1.130000	0.190653	0.003362
1.140000	0.190563	0.003361
1.150000	0.190208	0.003355
1.160000	0.189964	0.003350
1.170000	0.189668	0.003345
1.180000	0.189813	0.003348
1.190000	0.189669	0.003345
1.200000	0.190070	0.003352
1.210000	0.189636	0.003345
1.220000	0.189515	0.003342
1.230000	0.189344	0.003339
1.240000	0.189119	0.003335
1.250000	0.189459	0.003341
1.260000	0.189436	0.003341
1.270000	0.189604	0.003344
1.280000	0.189490	0.003342
1.290000	0.189175	0.003336
1.300000	0.189116	0.003335
1.310000	0.189059	0.003334
1.320000	0.189024	0.003334
1.330000	0.188526	0.003325
1.340000	0.188644	0.003327
1.350000	0.188587	0.003326
1.360000	0.188789	0.003330
1.370000	0.188113	0.003318
1.380000	0.188095	0.003317
1.390000	0.187741	0.003311
1.400000	0.187318	0.003304
1.410000	0.187202	0.003302
1.420000	0.187842	0.003313
1.430000	0.186868	0.003296
1.440000	0.186458	0.003289
1.450000	0.186124	0.003283
1.460000	0.186413	0.003288
1.470000	0.185861	0.003278
1.480000	0.185512	0.003272
1.490000	0.185037	0.003263
1.500000	0.184209	0.003249
1.510000	0.184462	0.003253
1.520000	0.183966	0.003245
1.530000	0.184154	0.003248
1.540000	0.183546	0.003237
1.550000	0.183724	0.003240
1.560000	0.183105	0.003229
1.570000	0.183338	0.003233
1.580000	0.182201	0.003213
1.590000	0.181804	0.003206
1.600000	0.181217	0.003196
1.610000	0.181181	0.003195
1.620000	0.181046	0.003193
1.630000	0.180951	0.003191
1.640000	0.180558	0.003184
1.650000	0.179898	0.003173
1.660000	0.176339	0.003110
1.670000	0.180405	0.003182
1.680000	0.179092	0.003159
1.690000	0.176934	0.003121
1.700000	0.177607	0.003132
1.710000	0.176460	0.003112
1.720000	0.178073	0.003141
1.730000	0.177468	0.003130
1.740000	0.176723	0.003117
1.750000	0.176556	0.003114
1.760000	0.176928	0.003120
1.770000	0.175479	0.003095
1.780000	0.175173	0.003089
1.790000	0.174831	0.003083
1.800000	0.174903	0.003085
1.810000	0.174069	0.003070
1.820000	0.173871	0.003067
1.830000	0.173135	0.003054
1.840000	0.172926	0.003050
1.850000	0.172477	0.003042
1.860000	0.172155	0.003036
1.870000	0.172444	0.003041
1.880000	0.172181	0.003037
1.890000	0.172254	0.003038
1.900000	0.171024	0.003016
1.910000	0.170845	0.003013
1.920000	0.171385	0.003023
1.930000	0.171315	0.003021
1.940000	0.171161	0.003019
1.950000	0.170877	0.003014
1.960000	0.171334	0.003022
1.970000	0.171069	0.003017
1.980000	0.170678	0.003010
1.990000	0.170821	0.003013
2.000000	0.169812	0.002995
2.010000	0.170191	0.003002
2.020000	0.170323	0.003004
2.030000	0.170099	0.003000
2.040000	0.170172	0.003001
2.050000	0.172009	0.003034
2.060000	0.170222	0.003002
2.070000	0.171252	0.003020
2.080000	0.171020	0.003016
2.090000	0.170684	0.003010
2.100000	0.170027	0.002999
2.110000	0.169630	0.002992
2.120000	0.169889	0.002996
2.130000	0.169778	0.002994
2.140000	0.169367	0.002987
2.150000	0.169903	0.002997
2.160000	0.169719	0.002993
2.170000	0.169764	0.002994
2.180000	0.169639	0.002992
2.190000	0.170087	0.003000
2.200000	0.169677	0.002993
2.210000	0.169455	0.002989
2.220000	0.169653	0.002992
2.230000	0.169247	0.002985
2.240000	0.169539	0.002990
2.250000	0.169406	0.002988
2.260000	0.169369	0.002987
2.270000	0.169220	0.002984
2.280000	0.169217	0.002984
2.290000	0.169335	0.002987
2.300000	0.169247	0.002985
2.310000	0.169201	0.002984
2.320000	0.168386	0.002970
2.330000	0.169174	0.002984
2.340000	0.169240	0.002985
2.350000	0.168954	0.002980
2.360000	0.169266	0.002985
2.370000	0.168766	0.002976
2.380000	0.168751	0.002976
2.390000	0.168487	0.002972
2.400000	0.168916	0.002979
2.410000	0.169086	0.002982
2.420000	0.168562	0.002973
2.430000	0.168649	0.002974
2.440000	0.168760	0.002976
2.450000	0.168519	0.002972
2.460000	0.168870	0.002978
2.470000	0.168467	0.002971
2.480000	0.168035	0.002964
2.490000	0.168475	0.002971
2.500000	0.168375	0.002970
2.510000	0.168036	0.002964
2.520000	0.167945	0.002962
2.530000	0.167668	0.002957
2.540000	0.167472	0.002954
2.550000	0.167839	0.002960
2.560000	0.167785	0.002959
2.570000	0.167333	0.002951
2.580000	0.167403	0.002952
2.590000	0.167074	0.002947
2.600000	0.167006	0.002945
2.610000	0.166534	0.002937
2.620000	0.166934	0.002944
2.630000	0.166486	0.002936
2.640000	0.165956	0.002927
2.650000	0.166018	0.002928
2.660000	0.165324	0.002916
2.670000	0.164949	0.002909
2.680000	0.165046	0.002911
2.690000	0.164754	0.002906
2.700000	0.164366	0.002899
2.710000	0.163440	0.002883
2.720000	0.163761	0.002888
2.730000	0.163284	0.002880
2.740000	0.162825	0.002872
2.750000	0.162518	0.002866
2.760000	0.162754	0.002870
2.770000	0.161704	0.002852
2.780000	0.161571	0.002850
2.790000	0.161240	0.002844
2.800000	0.160160	0.002825
2.810000	0.159230	0.002808
2.820000	0.158764	0.002800
2.830000	0.158224	0.002791
2.840000	0.157641	0.002780
2.850000	0.157138	0.002771
2.860000	0.156728	0.002764
2.870000	0.155925	0.002750
2.880000	0.155119	0.002736
2.890000	0.154606	0.002727
2.900000	0.154494	0.002725
2.910000	0.153340	0.002704
2.920000	0.152579	0.002691
2.930000	0.151847	0.002678
2.940000	0.150790	0.002659
2.950000	0.150005	0.002646
2.960000	0.149342	0.002634
2.970000	0.148516	0.002619
2.980000	0.147559	0.002602
2.990000	0.147078	0.002594
3.000000	0.146301	0.002580
3.010000	0.145116	0.002559
3.020000	0.144317	0.002545
3.030000	0.143283	0.002527
3.040000	0.142333	0.002510
3.050000	0.141407	0.002494
3.060000	0.140060	0.002470
3.070000	0.138731	0.002447
3.080000	0.137622	0.002427
3.090000	0.136909	0.002415
3.100000	0.135688	0.002393
3.110000	0.134708	0.002376
3.120000	0.133442	0.002353
3.130000	0.132109	0.002330
3.140000	0.130870	0.002308
3.150000	0.129249	0.002280
3.160000	0.128147	0.002260
3.170000	0.110129	0.001942
3.180000	0.119029	0.002099
3.190000	0.117507	0.002072
3.200000	0.115000	0.002028
3.210000	0.111906	0.001974
3.220000	0.110920	0.001956
3.230000	0.110532	0.001949
3.240000	0.110593	0.001950
3.250000	0.107641	0.001898
3.260000	0.105942	0.001868
3.270000	0.104356	0.001840
3.280000	0.101583	0.001792
3.290000	0.102883	0.001815
3.300000	0.100512	0.001773
3.310000	0.098448	0.001736
3.320000	0.096962	0.001710
3.330000	0.095201	0.001679
3.340000	0.093280	0.001645
3.350000	0.098872	0.001744
3.360000	0.087545	0.001544
3.370000	0.090620	0.001598
3.380000	0.087349	0.001541
3.390000	0.085762	0.001513
3.400000	0.082618	0.001457
3.410000	0.080694	0.001423
3.420000	0.080214	0.001415
3.430000	0.077604	0.001369
3.440000	0.075460	0.001331
3.450000	0.071766	0.001266
3.460000	0.070275	0.001239
3.470000	0.068206	0.001203
3.480000	0.066006	0.001164
3.490000	0.064487	0.001137
3.500000	0.062323	0.001099
3.510000	0.059497	0.001049
3.520000	0.057332	0.001011
3.530000	0.055060	0.000971
3.540000	0.052726	0.000930
3.550000	0.050140	0.000884
3.560000	0.048363	0.000853
3.570000	0.046093	0.000813
3.580000	0.044154	0.000779
3.590000	0.041355	0.000729
3.600000	0.039136	0.000690
3.610000	0.036534	0.000644
3.620000	0.033761	0.000595
3.630000	0.003486	6.148466E-5
3.640000	0.003712	6.547513E-5
3.650000	0.003644	6.427196E-5
3.660000	0.003448	6.081446E-5
3.670000	0.003155	5.563545E-5
3.680000	0.002832	4.994868E-5
3.690000	0.002498	4.405450E-5
3.700000	0.002144	3.781005E-5
3.710000	0.001793	3.161693E-5
3.720000	0.001424	2.511323E-5
3.730000	0.001062	1.872910E-5
3.740000	0.000690	1.216277E-5
3.750000	0.000318	5.614250E-6
3.760000	-5.013070E-5	-8.841393E-7
3.770000	-0.000421	-7.433422E-6
3.780000	-0.000785	-1.385159E-5
3.790000	-0.001170	-2.064109E-5
3.800000	-0.001560	-2.751393E-5
3.810000	-0.001943	-3.426790E-5
3.820000	-0.002320	-4.092540E-5
3.830000	-0.002703	-4.766314E-5
