-0.100000	0.435215	0.007676
-0.090000	0.436119	0.007692
-0.080000	0.435668	0.007684
-0.070000	0.435430	0.007680
-0.060000	0.435188	0.007675
-0.050000	0.434828	0.007669
-0.040000	0.434038	0.007655
-0.030000	0.434532	0.007664
-0.020000	0.433589	0.007647
-0.010000	0.433567	0.007647
0.000000	0.433120	0.007639
0.010000	0.433352	0.007643
0.020000	0.433209	0.007640
0.030000	0.432789	0.007633
0.040000	0.431577	0.007612
0.050000	0.431577	0.007612
0.060000	0.431413	0.007609
0.070000	0.430800	0.007598
0.080000	0.430684	0.007596
0.090000	0.430243	0.007588
0.100000	0.430416	0.007591
0.110000	0.430677	0.007596
0.120000	0.429444	0.007574
0.130000	0.430133	0.007586
0.140000	0.428916	0.007565
0.150000	0.429456	0.007574
0.160000	0.429580	0.007576
0.170000	0.429642	0.007577
0.180000	0.428860	0.007564
0.190000	0.429081	0.007568
0.200000	0.428599	0.007559
0.210000	0.427933	0.007547
0.220000	0.427914	0.007547
0.230000	0.427509	0.007540
0.240000	0.427182	0.007534
0.250000	0.427013	0.007531
0.260000	0.427083	0.007532
0.270000	0.426469	0.007521
0.280000	0.426215	0.007517
0.290000	0.426151	0.007516
0.300000	0.426238	0.007517
0.310000	0.425504	0.007504
0.320000	0.425631	0.007507
0.330000	0.424996	0.007496
0.340000	0.425260	0.007500
0.350000	0.424862	0.007493
0.360000	0.424276	0.007483
0.370000	0.424039	0.007479
0.380000	0.423794	0.007474
0.390000	0.423055	0.007461
0.400000	0.422685	0.007455
0.410000	0.421752	0.007438
0.420000	0.421335	0.007431
0.430000	0.420580	0.007418
0.440000	0.420595	0.007418
0.450000	0.420598	0.007418
0.460000	0.419514	0.007399
0.470000	0.419170	0.007393
0.480000	0.419243	0.007394
0.490000	0.418855	0.007387
0.500000	0.417792	0.007368
0.510000	0.417016	0.007355
0.520000	0.416574	0.007347
0.530000	0.416446	0.007345
0.540000	0.415377	0.007326
0.550000	0.415047	0.007320
0.560000	0.413834	0.007299
0.570000	0.412941	0.007283
0.580000	0.412443	0.007274
0.590000	0.411506	0.007258
0.600000	0.410446	0.007239
0.610000	0.409786	0.007227
0.620000	0.409094	0.007215
0.630000	0.407967	0.007195
0.640000	0.406926	0.007177
0.650000	0.406792	0.007174
0.660000	0.405522	0.007152
0.670000	0.405376	0.007149
0.680000	0.404276	0.007130
0.690000	0.403043	0.007108
0.700000	0.402100	0.007092
0.710000	0.401202	0.007076
0.720000	0.399674	0.007049
0.730000	0.398607	0.007030
0.740000	0.397423	0.007009
0.750000	0.396951	0.007001
0.760000	0.395641	0.006978
0.770000	0.395139	0.006969
0.780000	0.393496	0.006940
0.790000	0.392767	0.006927
0.800000	0.391471	0.006904
0.810000	0.390334	0.006884
0.820000	0.388687	0.006855
0.830000	0.388273	0.006848
0.840000	0.386296	0.006813
0.850000	0.385688	0.006802
0.860000	0.384452	0.006780
0.870000	0.383600	0.006765
0.880000	0.382859	0.006752
0.890000	0.382056	0.006738
0.900000	0.380634	0.006713
0.910000	0.380045	0.006703
0.920000	0.378477	0.006675
0.930000	0.378090	0.006668
0.940000	0.377531	0.006658
0.950000	0.376039	0.006632
0.960000	0.375030	0.006614
0.970000	0.374165	0.006599
0.980000	0.373642	0.006590
0.990000	0.372767	0.006574
1.000000	0.372358	0.006567
1.010000	0.371736	0.006556
1.020000	0.371046	0.006544
1.030000	0.370895	0.006541
1.040000	0.370278	0.006530
1.050000	0.369944	0.006525
1.060000	0.370092	0.006527
1.070000	0.369976	0.006525
1.080000	0.369435	0.006516
1.090000	0.368729	0.006503
1.100000	0.368878	0.006506
1.110000	0.368819	0.006505
1.120000	0.368515	0.006499
1.130000	0.368378	0.006497
1.140000	0.368287	0.006495
1.150000	0.367305	0.006478
1.160000	0.367069	0.006474
1.170000	0.366823	0.006470
1.180000	0.366643	0.006466
1.190000	0.366049	0.006456
1.200000	0.366385	0.006462
1.210000	0.366040	0.006456
1.220000	0.365696	0.006450
1.230000	0.365153	0.006440
1.240000	0.365178	0.006441
1.250000	0.365462	0.006446
1.260000	0.364965	0.006437
1.270000	0.364946	0.006436
1.280000	0.364687	0.006432
1.290000	0.364385	0.006427
1.300000	0.364345	0.006426
1.310000	0.364267	0.006424
1.320000	0.364193	0.006423
1.330000	0.363946	0.006419
1.340000	0.363661	0.006414
1.350000	0.363160	0.006405
1.360000	0.362721	0.006397
1.370000	0.362425	0.006392
1.380000	0.361948	0.006384
1.390000	0.362459	0.006393
1.400000	0.362244	0.006389
1.410000	0.362021	0.006385
1.420000	0.361264	0.006371
1.430000	0.361320	0.006372
1.440000	0.360736	0.006362
1.450000	0.360078	0.006351
1.460000	0.359989	0.006349
1.470000	0.359560	0.006341
1.480000	0.359437	0.006339
1.490000	0.359082	0.006333
1.500000	0.358638	0.006325
1.510000	0.358556	0.006324
1.520000	0.358243	0.006318
1.530000	0.358075	0.006315
1.540000	0.357396	0.006303
1.550000	0.356997	0.006296
1.560000	0.356845	0.006294
1.570000	0.356083	0.006280
1.580000	0.355737	0.006274
1.590000	0.355608	0.006272
1.600000	0.355688	0.006273
1.610000	0.354584	0.006254
1.620000	0.354459	0.006251
1.630000	0.353660	0.006237
1.640000	0.353550	0.006235
1.650000	0.352881	0.006224
1.660000	0.352786	0.006222
1.670000	0.352266	0.006213
1.680000	0.351718	0.006203
1.690000	0.351397	0.006197
1.700000	0.351233	0.006195
1.710000	0.350443	0.006181
1.720000	0.350299	0.006178
1.730000	0.350250	0.006177
1.740000	0.349286	0.006160
1.750000	0.348040	0.006138
1.760000	0.347337	0.006126
1.770000	0.347340	0.006126
1.780000	0.346383	0.006109
1.790000	0.345612	0.006095
1.800000	0.345342	0.006091
1.810000	0.344991	0.006084
1.820000	0.344378	0.006074
1.830000	0.343946	0.006066
1.840000	0.343201	0.006053
1.850000	0.342884	0.006047
1.860000	0.343092	0.006051
1.870000	0.342125	0.006034
1.880000	0.341633	0.006025
1.890000	0.340867	0.006012
1.900000	0.340857	0.006012
1.910000	0.340420	0.006004
1.920000	0.340135	0.005999
1.930000	0.339839	0.005994
1.940000	0.339641	0.005990
1.950000	0.339534	0.005988
1.960000	0.339526	0.005988
1.970000	0.339246	0.005983
1.980000	0.338367	0.005968
1.990000	0.338457	0.005969
2.000000	0.338294	0.005966
2.010000	0.337916	0.005960
2.020000	0.338019	0.005962
2.030000	0.337725	0.005956
2.040000	0.337170	0.005947
2.050000	0.337452	0.005952
2.060000	0.337734	0.005957
2.070000	0.337675	0.005955
2.080000	0.337446	0.005951
2.090000	0.337656	0.005955
2.100000	0.337679	0.005956
2.110000	0.337558	0.005953
2.120000	0.337417	0.005951
2.130000	0.337354	0.005950
2.140000	0.337067	0.005945
2.150000	0.337280	0.005949
2.160000	0.336917	0.005942
2.170000	0.337049	0.005944
2.180000	0.337337	0.005950
2.190000	0.337149	0.005946
2.200000	0.336770	0.005940
2.210000	0.336707	0.005938
2.220000	0.336319	0.005932
2.230000	0.336341	0.005932
2.240000	0.336644	0.005937
2.250000	0.337095	0.005945
2.260000	0.337417	0.005951
2.270000	0.336997	0.005944
2.280000	0.337186	0.005947
2.290000	0.336969	0.005943
2.300000	0.336458	0.005934
2.310000	0.336933	0.005942
2.320000	0.336942	0.005943
2.330000	0.336569	0.005936
2.340000	0.336732	0.005939
2.350000	0.336588	0.005936
2.360000	0.336691	0.005938
2.370000	0.336501	0.005935
2.380000	0.336632	0.005937
2.390000	0.336501	0.005935
2.400000	0.336179	0.005929
2.410000	0.336005	0.005926
2.420000	0.335800	0.005922
2.430000	0.335814	0.005923
2.440000	0.335599	0.005919
2.450000	0.335908	0.005924
2.460000	0.335248	0.005913
2.470000	0.335299	0.005914
2.480000	0.335266	0.005913
2.490000	0.335463	0.005916
2.500000	0.334965	0.005908
2.510000	0.334752	0.005904
2.520000	0.333965	0.005890
2.530000	0.334472	0.005899
2.540000	0.334768	0.005904
2.550000	0.334310	0.005896
2.560000	0.334389	0.005898
2.570000	0.334022	0.005891
2.580000	0.334237	0.005895
2.590000	0.334078	0.005892
2.600000	0.333854	0.005888
2.610000	0.333766	0.005887
2.620000	0.333393	0.005880
2.630000	0.332965	0.005872
2.640000	0.332780	0.005869
2.650000	0.332080	0.005857
2.660000	0.331273	0.005843
2.670000	0.330797	0.005834
2.680000	0.330312	0.005826
2.690000	0.330135	0.005822
2.700000	0.329748	0.005816
2.710000	0.329446	0.005810
2.720000	0.328760	0.005798
2.730000	0.327957	0.005784
2.740000	0.327849	0.005782
2.750000	0.327008	0.005767
2.760000	0.326521	0.005759
2.770000	0.325500	0.005741
2.780000	0.325007	0.005732
2.790000	0.324429	0.005722
2.800000	0.324073	0.005716
2.810000	0.323078	0.005698
2.820000	0.322542	0.005689
2.830000	0.321078	0.005663
2.840000	0.320550	0.005653
2.850000	0.319914	0.005642
2.860000	0.318453	0.005616
2.870000	0.318286	0.005614
2.880000	0.317157	0.005594
2.890000	0.316253	0.005578
2.900000	0.315930	0.005572
2.910000	0.314947	0.005555
2.920000	0.312976	0.005520
2.930000	0.311894	0.005501
2.940000	0.310622	0.005478
2.950000	0.309188	0.005453
2.960000	0.307820	0.005429
2.970000	0.306481	0.005405
2.980000	0.305411	0.005386
2.990000	0.304039	0.005362
3.000000	0.302434	0.005334
3.010000	0.301276	0.005314
3.020000	0.299521	0.005283
3.030000	0.297433	0.005246
3.040000	0.296843	0.005235
3.050000	0.294882	0.005201
3.060000	0.293432	0.005175
3.070000	0.291346	0.005138
3.080000	0.289790	0.005111
3.090000	0.288345	0.005085
3.100000	0.286243	0.005048
3.110000	0.284279	0.005014
3.120000	0.283056	0.004992
3.130000	0.281377	0.004963
3.140000	0.279045	0.004921
3.150000	0.277298	0.004891
3.160000	0.274874	0.004848
3.170000	0.273015	0.004815
3.180000	0.271049	0.004780
3.190000	0.268535	0.004736
3.200000	0.266306	0.004697
3.210000	0.264379	0.004663
3.220000	0.262177	0.004624
3.230000	0.259270	0.004573
3.240000	0.256687	0.004527
3.250000	0.254481	0.004488
3.260000	0.253014	0.004462
3.270000	0.249182	0.004395
3.280000	0.247493	0.004365
3.290000	0.245218	0.004325
3.300000	0.243001	0.004286
3.310000	0.240668	0.004245
3.320000	0.238024	0.004198
3.330000	0.235152	0.004147
3.340000	0.232603	0.004102
3.350000	0.230365	0.004063
3.360000	0.227432	0.004011
3.370000	0.224143	0.003953
3.380000	0.221410	0.003905
3.390000	0.218496	0.003854
3.400000	0.215598	0.003802
3.410000	0.212651	0.003750
3.420000	0.209656	0.003698
3.430000	0.207019	0.003651
3.440000	0.203705	0.003593
3.450000	0.200916	0.003543
3.460000	0.197719	0.003487
3.470000	0.194720	0.003434
3.480000	0.191370	0.003375
3.490000	0.188043	0.003316
3.500000	0.184857	0.003260
3.510000	0.181432	0.003200
3.520000	0.178287	0.003144
3.530000	0.174932	0.003085
3.540000	0.171513	0.003025
3.550000	0.167992	0.002963
3.560000	0.164379	0.002899
3.570000	0.160827	0.002836
3.580000	0.157311	0.002774
3.590000	0.153889	0.002714
3.600000	0.150294	0.002651
3.610000	0.146653	0.002586
3.620000	0.143124	0.002524
3.630000	0.139306	0.002457
3.640000	0.135519	0.002390
3.650000	0.131942	0.002327
3.660000	0.128070	0.002259
3.670000	0.124451	0.002195
3.680000	0.120800	0.002131
3.690000	0.116909	0.002062
3.700000	0.112767	0.001989
3.710000	0.109073	0.001924
3.720000	0.105128	0.001854
3.730000	0.101236	0.001785
3.740000	0.097136	0.001713
3.750000	0.093257	0.001645
3.760000	0.089309	0.001575
3.770000	0.085269	0.001504
3.780000	0.081259	0.001433
3.790000	0.077138	0.001360
3.800000	0.072938	0.001286
3.810000	0.068785	0.001213
3.820000	0.064622	0.001140
3.830000	0.060404	0.001065
3.840000	0.055882	0.000986
3.850000	0.051847	0.000914
3.860000	0.047658	0.000841
3.870000	0.043433	0.000766
3.880000	0.039343	0.000694
3.890000	0.034798	0.000614
3.900000	0.030623	0.000540
3.910000	0.026247	0.000463
3.920000	0.021831	0.000385
3.930000	0.017500	0.000309
3.940000	0.013142	0.000232
3.950000	0.008694	0.000153
3.960000	0.004232	7.464550E-5
3.970000	-0.000156	-2.746243E-6
3.980000	-0.004681	-8.255908E-5
3.990000	-0.009238	-0.000163
4.000000	-0.013385	-0.000236
4.010000	-0.017710	-0.000312
4.020000	-0.022179	-0.000391
4.030000	-0.026559	-0.000468
4.040000	-0.030967	-0.000546
4.050000	-0.035318	-0.000623
